0 0.380682 0.571524 0.015374 0.014706
0 0.398396 0.636029 0.017380 0.014037
0 0.452206 0.531083 0.015374 0.016711
0 0.432821 0.544452 0.016711 0.016711
0 0.469251 0.540441 0.016043 0.016711
0 0.488636 0.539439 0.016043 0.014706
0 0.487299 0.558155 0.016043 0.016043
0 0.486631 0.577206 0.016043 0.015374
0 0.485963 0.595588 0.014706 0.016043
0 0.486297 0.615642 0.015374 0.014706
0 0.485963 0.632687 0.014706 0.015374
0 0.415775 0.534091 0.016043 0.016043
0 0.415107 0.553142 0.016043 0.016711
0 0.415107 0.572527 0.014706 0.016711
0 0.415107 0.591578 0.016043 0.016043
0 0.414773 0.608957 0.015374 0.016043
0 0.417781 0.635361 0.016043 0.014037
0 0.431818 0.562834 0.016043 0.016043
0 0.431818 0.581885 0.016043 0.015374
0 0.431484 0.600936 0.016711 0.017380
0 0.431818 0.618984 0.017380 0.016043
0 0.436497 0.635361 0.016043 0.014037
0 0.450869 0.550802 0.016711 0.016043
0 0.450201 0.569853 0.016711 0.016711
0 0.449866 0.588570 0.017380 0.016711
0 0.449866 0.606618 0.016043 0.016711
0 0.450201 0.624666 0.015374 0.015374
0 0.466912 0.632687 0.015374 0.015374
0 0.467580 0.615307 0.015374 0.016711
0 0.468249 0.560160 0.015374 0.016043
0 0.467246 0.578543 0.016043 0.016711
0 0.466912 0.595922 0.015374 0.015374
0 0.364305 0.542112 0.016043 0.017380
0 0.346925 0.532420 0.016043 0.016711
0 0.398396 0.542781 0.016043 0.016043
0 0.380682 0.532754 0.016711 0.016043
0 0.363971 0.522059 0.016711 0.016043
0 0.364305 0.504011 0.017380 0.016043
0 0.327874 0.504345 0.018048 0.015374
0 0.381016 0.513369 0.017380 0.016043
0 0.328209 0.523730 0.016043 0.015374
0 0.398061 0.523396 0.016711 0.016043
0 0.399064 0.504345 0.016043 0.015374
0 0.416778 0.514372 0.016711 0.016711
0 0.433824 0.524733 0.017380 0.017380
0 0.311497 0.556150 0.014706 0.016043
0 0.361965 0.603610 0.018048 0.016043
0 0.350602 0.621324 0.016711 0.015374
0 0.347928 0.589572 0.016711 0.014706
0 0.339572 0.606283 0.017380 0.014706
0 0.330548 0.622660 0.016711 0.015374
0 0.368650 0.623663 0.015374 0.016043
0 0.381350 0.609626 0.015374 0.016043
0 0.329211 0.542781 0.015374 0.016043
0 0.330214 0.561497 0.016043 0.014706
0 0.317848 0.574198 0.016711 0.014706
0 0.328543 0.589572 0.015374 0.014706
0 0.320521 0.606283 0.016711 0.016043
0 0.312500 0.622995 0.015374 0.014706
0 0.397727 0.581885 0.016043 0.016711
0 0.398061 0.600602 0.016711 0.016711
0 0.398396 0.618650 0.016043 0.015374
0 0.347259 0.551805 0.015374 0.015374
0 0.363636 0.561497 0.016043 0.014706
0 0.346925 0.571190 0.014706 0.015374
0 0.364639 0.580882 0.015374 0.016043
0 0.381350 0.553142 0.016711 0.016711
0 0.398061 0.563168 0.015374 0.015374
0 0.631350 0.505348 0.015374 0.014706
0 0.591912 0.576537 0.016711 0.015374
0 0.612299 0.575535 0.016043 0.014706
0 0.601939 0.592246 0.015374 0.016043
0 0.617981 0.590575 0.015374 0.014037
0 0.636698 0.591578 0.015374 0.014706
0 0.629345 0.575535 0.015374 0.014706
0 0.637032 0.558489 0.014706 0.015374
0 0.668449 0.510361 0.016043 0.014037
0 0.656417 0.525735 0.014706 0.015374
0 0.645722 0.541778 0.016043 0.014037
0 0.648396 0.576872 0.014706 0.016043
0 0.659091 0.591912 0.014706 0.014037
0 0.744318 0.565508 0.016711 0.016043
0 0.736965 0.582888 0.016711 0.014706
0 0.656417 0.559158 0.016043 0.015374
0 0.669452 0.576203 0.015374 0.014706
0 0.680147 0.590575 0.015374 0.015374
0 0.666110 0.542112 0.015374 0.016043
0 0.674799 0.557487 0.016711 0.014706
0 0.733289 0.550134 0.016043 0.014706
0 0.710227 0.520053 0.015374 0.014706
0 0.701872 0.503676 0.014706 0.015374
0 0.687166 0.517380 0.016043 0.016043
0 0.684826 0.536765 0.016711 0.017380
0 0.687834 0.572861 0.016043 0.014706
0 0.696858 0.586564 0.014037 0.014037
0 0.702540 0.537433 0.016043 0.014706
0 0.694853 0.555147 0.016711 0.015374
0 0.720922 0.534759 0.015374 0.016043
0 0.713570 0.552473 0.016711 0.015374
0 0.705882 0.569853 0.014706 0.015374
0 0.725936 0.568182 0.017380 0.016043
0 0.718249 0.586230 0.016711 0.014706
0 0.621324 0.489305 0.016711 0.014706
0 0.699198 0.470588 0.016043 0.016043
0 0.608623 0.475267 0.015374 0.016043
0 0.627005 0.470254 0.016043 0.015374
0 0.592914 0.485628 0.016043 0.016711
0 0.613302 0.457219 0.016711 0.014706
0 0.593583 0.465241 0.016043 0.016043
0 0.690842 0.487968 0.015374 0.016043
0 0.678476 0.473596 0.014706 0.015374
0 0.645053 0.463904 0.014706 0.016043
0 0.657754 0.477941 0.016043 0.014706
0 0.670455 0.491310 0.016043 0.016043
0 0.601270 0.521390 0.015374 0.016043
0 0.610294 0.537433 0.016043 0.016043
0 0.575535 0.474265 0.016043 0.016711
0 0.574866 0.493316 0.014706 0.014706
0 0.573195 0.512701 0.015374 0.016043
0 0.583556 0.528075 0.016043 0.016043
0 0.592246 0.544118 0.016043 0.014706
0 0.628342 0.537767 0.016043 0.015374
0 0.557821 0.503342 0.015374 0.016043
0 0.556818 0.522727 0.016043 0.017380
0 0.574198 0.545120 0.016043 0.015374
0 0.582888 0.560829 0.016043 0.014706
0 0.571524 0.576203 0.017380 0.016043
0 0.601270 0.559826 0.015374 0.015374
0 0.620655 0.555481 0.015374 0.014706
0 0.556150 0.541444 0.016043 0.016043
0 0.559826 0.558824 0.015374 0.016043
0 0.553142 0.577206 0.015374 0.016711
0 0.561832 0.592580 0.016711 0.015374
0 0.580882 0.592246 0.014706 0.014706
0 0.609960 0.504679 0.014037 0.014706
0 0.589906 0.505348 0.015374 0.016043
0 0.640709 0.487968 0.015374 0.014706
0 0.650735 0.505682 0.015374 0.015374
0 0.639706 0.522059 0.016043 0.014706
0 0.620321 0.521390 0.014706 0.014706
0 0.709559 0.485963 0.015374 0.014706
0 0.719920 0.501337 0.014706 0.014706
0 0.728275 0.517380 0.015374 0.013369
0 0.747995 0.514037 0.014706 0.014706
0 0.739639 0.497995 0.016711 0.016043
0 0.728275 0.482620 0.015374 0.014706
0 0.717580 0.468249 0.015374 0.014037
0 0.758021 0.494652 0.014706 0.014706
0 0.747326 0.479612 0.016043 0.012701
0 0.735628 0.464906 0.015374 0.014037
0 0.725602 0.449866 0.015374 0.013369
0 0.753008 0.461898 0.014037 0.013369
0 0.766043 0.477273 0.014706 0.013369
0 0.775735 0.492313 0.014037 0.015374
0 0.766711 0.511698 0.016043 0.014037
0 0.794452 0.492313 0.015374 0.012701
0 0.785762 0.508690 0.015374 0.013369
0 0.805816 0.508356 0.015374 0.014037
0 0.740976 0.532086 0.015374 0.014706
0 0.759024 0.529412 0.014037 0.013369
0 0.777741 0.527406 0.014037 0.013369
0 0.794786 0.524733 0.013369 0.014706
0 0.810160 0.526404 0.014706 0.014037
0 0.752005 0.628008 0.013369 0.014037
0 0.748997 0.596925 0.016711 0.014706
0 0.678142 0.619318 0.015374 0.014037
0 0.756016 0.578877 0.016043 0.014706
0 0.728944 0.599933 0.015374 0.014037
0 0.710227 0.603275 0.016711 0.015374
0 0.702540 0.651738 0.014706 0.012032
0 0.682487 0.650401 0.016043 0.013369
0 0.767045 0.592580 0.015374 0.014037
0 0.778075 0.605281 0.014706 0.012701
0 0.797794 0.583556 0.012701 0.013369
0 0.774064 0.576203 0.016043 0.017380
0 0.785094 0.590241 0.014037 0.012032
0 0.688503 0.603275 0.014706 0.012701
0 0.793449 0.602273 0.014706 0.012032
0 0.785428 0.619318 0.016043 0.014037
0 0.779412 0.636029 0.014706 0.015374
0 0.668449 0.605281 0.014706 0.014037
0 0.673797 0.636029 0.014706 0.016711
0 0.657420 0.620989 0.015374 0.016043
0 0.658088 0.639706 0.015374 0.016043
0 0.759693 0.610628 0.014037 0.012701
0 0.768382 0.622995 0.012701 0.012032
0 0.699198 0.618984 0.014706 0.013369
0 0.696190 0.638035 0.014037 0.015374
0 0.711564 0.634693 0.014037 0.014037
0 0.720588 0.617647 0.014706 0.013369
0 0.741979 0.613971 0.013369 0.014037
0 0.733289 0.631684 0.016043 0.014706
0 0.725602 0.649398 0.016711 0.015374
0 0.744318 0.645722 0.015374 0.014706
0 0.760695 0.642045 0.014706 0.012701
0 0.788770 0.571190 0.012032 0.012701
0 0.763035 0.561832 0.015374 0.014037
0 0.752005 0.547126 0.016043 0.012701
0 0.769051 0.543783 0.015374 0.012701
0 0.792447 0.543115 0.015374 0.015374
0 0.779412 0.557487 0.014706 0.014706
0 0.808155 0.543783 0.013369 0.015374
0 0.802807 0.562166 0.014706 0.014706
0 0.758356 0.410762 0.014037 0.014037
0 0.750000 0.428476 0.014706 0.014706
0 0.770388 0.426471 0.015374 0.014706
0 0.744652 0.447193 0.014706 0.014706
0 0.761364 0.444184 0.014706 0.015374
0 0.781083 0.442179 0.015374 0.014037
0 0.773061 0.459559 0.016711 0.014037
0 0.792447 0.457553 0.015374 0.014037
0 0.784091 0.475267 0.014706 0.014706
0 0.802139 0.474265 0.014706 0.014037
0 0.616644 0.376671 0.015374 0.015374
0 0.650401 0.378342 0.014706 0.016043
0 0.648061 0.397727 0.015374 0.016043
0 0.646725 0.418115 0.016711 0.016711
0 0.646390 0.437166 0.014706 0.016043
0 0.667112 0.388369 0.014706 0.016043
0 0.668449 0.407754 0.016043 0.014706
0 0.663770 0.426471 0.014706 0.016043
0 0.659091 0.450535 0.014706 0.014706
0 0.683489 0.421791 0.015374 0.016043
0 0.676805 0.440508 0.015374 0.014706
0 0.686832 0.455548 0.016711 0.015374
0 0.696190 0.436832 0.015374 0.015374
0 0.704545 0.452874 0.016043 0.015374
0 0.691511 0.402741 0.015374 0.015374
0 0.702540 0.418115 0.016043 0.015374
0 0.714572 0.434158 0.016043 0.015374
0 0.709225 0.400067 0.016043 0.015374
0 0.720588 0.415441 0.014706 0.015374
0 0.733957 0.431150 0.014706 0.014706
0 0.670789 0.367647 0.015374 0.016043
0 0.687834 0.383690 0.014706 0.014706
0 0.705548 0.380682 0.015374 0.015374
0 0.728610 0.396725 0.016043 0.015374
0 0.736965 0.413102 0.014037 0.016043
0 0.587567 0.352941 0.016043 0.016043
0 0.654412 0.357286 0.016043 0.015374
0 0.569184 0.363302 0.016711 0.015374
0 0.598596 0.406751 0.015374 0.016711
0 0.613971 0.417112 0.016711 0.017380
0 0.595922 0.426805 0.015374 0.015374
0 0.594586 0.446190 0.015374 0.016711
0 0.611965 0.436497 0.015374 0.016043
0 0.567179 0.384024 0.015374 0.015374
0 0.582553 0.395053 0.015374 0.016043
0 0.581551 0.415107 0.014706 0.014706
0 0.579880 0.435160 0.015374 0.016043
0 0.577874 0.455548 0.015374 0.015374
0 0.631350 0.407420 0.015374 0.015374
0 0.629679 0.428142 0.014706 0.015374
0 0.632019 0.451537 0.015374 0.015374
0 0.585896 0.374666 0.015374 0.016711
0 0.603610 0.364639 0.016043 0.015374
0 0.600936 0.385695 0.014706 0.016043
0 0.615307 0.397059 0.014037 0.014706
0 0.632353 0.388035 0.014706 0.015374
0 0.619318 0.356618 0.015374 0.015374
0 0.635361 0.367313 0.015374 0.015374
0 0.637701 0.346257 0.014706 0.016043
0 0.624332 0.333556 0.016043 0.017380
0 0.605615 0.344586 0.014706 0.015374
0 0.591243 0.330214 0.016711 0.016043
0 0.604612 0.324198 0.012701 0.013369
0 0.576872 0.293115 0.016043 0.016711
0 0.595588 0.305816 0.016043 0.016711
0 0.572193 0.321524 0.016043 0.014706
0 0.572861 0.340241 0.016043 0.017380
0 0.130682 0.534091 0.016711 0.016043
0 0.121992 0.652072 0.016711 0.016711
0 0.100602 0.652406 0.018048 0.016043
0 0.080214 0.652741 0.017380 0.016711
0 0.059826 0.652406 0.016711 0.016043
0 0.251671 0.547794 0.016711 0.016711
0 0.234960 0.558155 0.016711 0.017380
0 0.216912 0.566511 0.016711 0.016711
0 0.236631 0.576203 0.018717 0.017380
0 0.217580 0.584893 0.018048 0.016043
0 0.245321 0.594586 0.018717 0.015374
0 0.241979 0.611631 0.017380 0.014706
0 0.252674 0.627340 0.017380 0.015374
0 0.272727 0.625000 0.016043 0.016043
0 0.260027 0.610628 0.017380 0.016711
0 0.257353 0.578877 0.017380 0.016043
0 0.268717 0.594586 0.016043 0.016711
0 0.264706 0.562166 0.017380 0.016043
0 0.279078 0.576203 0.016711 0.017380
0 0.289439 0.592914 0.016043 0.014706
0 0.281083 0.609291 0.016711 0.015374
0 0.292447 0.623329 0.016711 0.015374
0 0.297794 0.575535 0.016711 0.016043
0 0.309826 0.590575 0.016711 0.015374
0 0.301136 0.607955 0.018048 0.015374
0 0.222594 0.602941 0.016043 0.016043
0 0.146390 0.618984 0.017380 0.016043
0 0.156751 0.636029 0.016711 0.016711
0 0.155749 0.601270 0.017380 0.016711
0 0.167447 0.618316 0.016711 0.014706
0 0.154078 0.533422 0.016711 0.016043
0 0.142714 0.551805 0.018048 0.016711
0 0.164773 0.550468 0.016711 0.016711
0 0.153743 0.569184 0.017380 0.016711
0 0.187834 0.550468 0.017380 0.015374
0 0.167781 0.584225 0.017380 0.016043
0 0.176805 0.601270 0.018048 0.015374
0 0.167112 0.654078 0.013369 0.015374
0 0.177139 0.635027 0.017380 0.017380
0 0.198864 0.566845 0.016711 0.017380
0 0.189505 0.583556 0.018048 0.014706
0 0.199866 0.600602 0.017380 0.015374
0 0.188503 0.617313 0.018717 0.016711
0 0.198529 0.633690 0.017380 0.017380
0 0.231618 0.629679 0.018048 0.017380
0 0.186832 0.516043 0.016711 0.016043
0 0.175134 0.498997 0.018717 0.016711
0 0.194519 0.500334 0.010695 0.015374
0 0.187166 0.482286 0.016043 0.015374
0 0.162767 0.481952 0.016711 0.017380
0 0.108623 0.499666 0.019385 0.016711
0 0.097259 0.481952 0.018048 0.017380
0 0.084559 0.499666 0.018048 0.016711
0 0.075535 0.516711 0.018717 0.016043
0 0.055481 0.516377 0.017380 0.016711
0 0.067179 0.534091 0.018048 0.016043
0 0.044452 0.532754 0.016711 0.017380
0 0.175802 0.533422 0.017380 0.016043
0 0.078543 0.551136 0.018048 0.018048
0 0.090241 0.567848 0.017380 0.015374
0 0.100936 0.585227 0.017380 0.016711
0 0.112299 0.602941 0.018717 0.016043
0 0.078209 0.583556 0.017380 0.016043
0 0.067179 0.567179 0.018048 0.016711
0 0.055816 0.549799 0.018048 0.016711
0 0.045789 0.567848 0.016711 0.018048
0 0.057152 0.584225 0.018048 0.016043
0 0.088904 0.600936 0.018717 0.017380
0 0.068850 0.601604 0.017380 0.017380
0 0.047126 0.601939 0.016711 0.016711
0 0.058824 0.617647 0.018717 0.016043
0 0.100267 0.617313 0.017380 0.015374
0 0.197527 0.533422 0.016711 0.016043
0 0.215241 0.546457 0.018717 0.016711
0 0.143382 0.585896 0.018048 0.016711
0 0.133021 0.603610 0.017380 0.016043
0 0.050468 0.634693 0.015374 0.018048
0 0.068182 0.635361 0.018717 0.015374
0 0.091578 0.634358 0.017380 0.017380
0 0.110963 0.634693 0.017380 0.015374
0 0.132353 0.634024 0.017380 0.016711
0 0.143048 0.650735 0.016043 0.015374
0 0.087901 0.534759 0.018048 0.016043
0 0.100267 0.551471 0.016043 0.014706
0 0.110963 0.568850 0.018717 0.016043
0 0.122326 0.585896 0.017380 0.015374
0 0.132687 0.568516 0.018048 0.014037
0 0.122326 0.551805 0.017380 0.015374
0 0.109626 0.533422 0.017380 0.016043
0 0.096925 0.516711 0.018717 0.016043
0 0.119318 0.517380 0.018048 0.014706
0 0.143048 0.515709 0.017380 0.015374
0 0.130013 0.499332 0.018048 0.016043
0 0.154078 0.499332 0.019385 0.016043
0 0.063837 0.498663 0.016711 0.016043
0 0.120655 0.482286 0.018048 0.015374
0 0.141711 0.481952 0.017380 0.014706
0 0.176471 0.464572 0.016043 0.014706
0 0.154078 0.464572 0.018048 0.016043
0 0.131016 0.464572 0.017380 0.016043
0 0.108623 0.464238 0.016711 0.014037
0 0.085561 0.464238 0.020053 0.014037
0 0.063503 0.463904 0.018717 0.016043
0 0.075869 0.480949 0.019385 0.015374
0 0.440842 0.402406 0.018048 0.018717
0 0.473596 0.462233 0.016711 0.016711
0 0.471257 0.481618 0.017380 0.016711
0 0.494652 0.419786 0.016043 0.016043
0 0.493984 0.439840 0.016043 0.017380
0 0.492313 0.460227 0.015374 0.016711
0 0.490642 0.479947 0.016043 0.017380
0 0.363302 0.483623 0.015374 0.018048
0 0.345254 0.492313 0.016711 0.016711
0 0.451872 0.510695 0.014706 0.016043
0 0.469920 0.501003 0.014706 0.016711
0 0.489305 0.500334 0.014706 0.016711
0 0.469251 0.520053 0.016043 0.016043
0 0.488302 0.518717 0.015374 0.017380
0 0.299465 0.454211 0.017380 0.019385
0 0.274398 0.444184 0.015374 0.016711
0 0.280749 0.465241 0.017380 0.018717
0 0.287433 0.485294 0.017380 0.016043
0 0.306818 0.494652 0.014706 0.016043
0 0.515374 0.389706 0.017380 0.016043
0 0.513703 0.410428 0.015374 0.017380
0 0.512032 0.431150 0.016043 0.017380
0 0.510361 0.451203 0.014037 0.017380
0 0.509024 0.471257 0.016711 0.018717
0 0.507687 0.491310 0.016711 0.017380
0 0.505348 0.510361 0.016043 0.016711
0 0.530414 0.421791 0.015374 0.018717
0 0.528075 0.442179 0.016043 0.016711
0 0.526404 0.462233 0.015374 0.016711
0 0.525735 0.482286 0.016711 0.016711
0 0.523396 0.501337 0.017380 0.017380
0 0.523061 0.520388 0.015374 0.016711
0 0.548463 0.393382 0.015374 0.018048
0 0.547460 0.413436 0.016043 0.018048
0 0.545120 0.433155 0.015374 0.016043
0 0.543115 0.452874 0.015374 0.018048
0 0.542447 0.472594 0.015374 0.018717
0 0.541778 0.492313 0.016711 0.018048
0 0.540107 0.512032 0.016043 0.016043
0 0.564505 0.404078 0.015374 0.018048
0 0.563168 0.424131 0.015374 0.018048
0 0.562166 0.443850 0.016043 0.017380
0 0.559826 0.464238 0.016711 0.018048
0 0.558489 0.482955 0.016711 0.018048
0 0.363302 0.378008 0.018048 0.018048
0 0.342580 0.367647 0.018048 0.018717
0 0.323864 0.379011 0.018048 0.018717
0 0.343917 0.389706 0.016711 0.017380
0 0.316845 0.400067 0.017380 0.018048
0 0.339572 0.410762 0.017380 0.016711
0 0.362968 0.421457 0.017380 0.018048
0 0.382019 0.432821 0.016711 0.018048
0 0.399398 0.442848 0.018048 0.018048
0 0.399398 0.463570 0.016711 0.016711
0 0.398730 0.483289 0.016711 0.017380
0 0.416444 0.494318 0.016043 0.016711
0 0.433824 0.503676 0.016043 0.016711
0 0.381684 0.453543 0.016043 0.018048
0 0.381016 0.473596 0.016043 0.016711
0 0.343917 0.432152 0.016711 0.018048
0 0.363636 0.442513 0.016043 0.018717
0 0.363636 0.463235 0.017380 0.017380
0 0.274398 0.404412 0.016711 0.020053
0 0.299131 0.412767 0.018048 0.019385
0 0.322193 0.421791 0.017380 0.018717
0 0.325535 0.442513 0.017380 0.018717
0 0.345588 0.453209 0.017380 0.018717
0 0.381016 0.492981 0.016043 0.016711
0 0.456217 0.451203 0.015374 0.017380
0 0.454211 0.471257 0.016711 0.017380
0 0.345254 0.472928 0.018048 0.019385
0 0.324866 0.463570 0.018717 0.018048
0 0.281417 0.424465 0.017380 0.018717
0 0.325535 0.483623 0.018717 0.018048
0 0.302139 0.433155 0.017380 0.018717
0 0.452206 0.490976 0.015374 0.016711
0 0.476270 0.421123 0.016711 0.017380
0 0.474265 0.441176 0.016711 0.017380
0 0.402741 0.401070 0.016711 0.018717
0 0.403409 0.378676 0.018048 0.016711
0 0.384024 0.389706 0.018048 0.018717
0 0.419452 0.349599 0.016711 0.017380
0 0.401070 0.359626 0.017380 0.017380
0 0.382019 0.368316 0.018048 0.020053
0 0.399398 0.337901 0.018048 0.018048
0 0.381016 0.347928 0.017380 0.018048
0 0.361297 0.355949 0.018048 0.016711
0 0.497995 0.378342 0.017380 0.018717
0 0.478610 0.356952 0.016043 0.017380
0 0.499666 0.356952 0.016711 0.018717
0 0.515709 0.369318 0.015374 0.018048
0 0.534425 0.359626 0.018048 0.017380
0 0.532086 0.401738 0.014706 0.017380
0 0.534091 0.380682 0.016043 0.018048
0 0.550802 0.372326 0.016043 0.018717
0 0.365307 0.399398 0.016711 0.018048
0 0.383690 0.411096 0.016043 0.018717
0 0.402072 0.421791 0.018048 0.017380
0 0.437834 0.443850 0.017380 0.016043
0 0.457888 0.430816 0.017380 0.018048
0 0.435160 0.463570 0.017380 0.018048
0 0.434158 0.484291 0.016711 0.018048
0 0.416444 0.474599 0.014706 0.018717
0 0.417781 0.454880 0.014706 0.018048
0 0.419786 0.433489 0.016043 0.019385
0 0.421791 0.413102 0.017380 0.018717
0 0.460561 0.410428 0.016043 0.017380
0 0.422460 0.392380 0.016043 0.017380
0 0.442513 0.381350 0.016043 0.018048
0 0.423128 0.370655 0.017380 0.019385
0 0.441845 0.361297 0.017380 0.016711
0 0.460561 0.388369 0.017380 0.020053
0 0.478275 0.400401 0.014037 0.018717
0 0.497660 0.400735 0.016711 0.020722
0 0.479278 0.379679 0.016043 0.016043
0 0.461564 0.368316 0.016711 0.018717
0 0.451537 0.281417 0.016711 0.018717
0 0.396390 0.313168 0.017380 0.019385
0 0.375668 0.300802 0.017380 0.018717
0 0.378342 0.326203 0.017380 0.017380
0 0.352607 0.303142 0.018048 0.018048
0 0.359291 0.335561 0.018048 0.017380
0 0.336564 0.322193 0.020722 0.017380
0 0.339906 0.345588 0.019385 0.018717
0 0.320521 0.356283 0.018048 0.017380
0 0.316511 0.331217 0.018048 0.018048
0 0.299799 0.347259 0.018048 0.019385
0 0.302139 0.371324 0.018717 0.018048
0 0.461230 0.344920 0.017380 0.017380
0 0.477941 0.334559 0.017380 0.016711
0 0.474933 0.299465 0.016711 0.018717
0 0.492981 0.288436 0.016711 0.018048
0 0.491644 0.315174 0.018048 0.016711
0 0.498329 0.335561 0.016711 0.018717
0 0.509358 0.304813 0.017380 0.017380
0 0.512366 0.281751 0.018048 0.016711
0 0.528409 0.295789 0.015374 0.016711
0 0.535094 0.317179 0.018048 0.018048
0 0.516377 0.325535 0.018048 0.018717
0 0.517045 0.347928 0.016711 0.018048
0 0.535428 0.338235 0.017380 0.018717
0 0.545120 0.287767 0.018048 0.016711
0 0.554144 0.307821 0.017380 0.018048
0 0.554144 0.329545 0.017380 0.017380
0 0.553476 0.350267 0.016043 0.018717
0 0.454211 0.304144 0.016711 0.016043
0 0.436497 0.315174 0.018717 0.018048
0 0.414439 0.281083 0.016043 0.018048
0 0.416444 0.304479 0.017380 0.019385
0 0.438168 0.336898 0.016711 0.020053
0 0.418449 0.327874 0.017380 0.022059
0 0.395053 0.291444 0.017380 0.018717
0 0.456551 0.325535 0.018717 0.017380
0 0.434158 0.292112 0.018048 0.018717
0 0.560495 0.639706 0.015374 0.014706
0 0.498329 0.659759 0.012701 0.013369
0 0.485963 0.649733 0.014706 0.014706
0 0.473262 0.662767 0.013369 0.014037
0 0.454880 0.663436 0.014037 0.014037
0 0.464572 0.648730 0.016043 0.015374
0 0.445187 0.650067 0.014706 0.015374
0 0.516711 0.612968 0.014706 0.016043
0 0.517714 0.594251 0.014037 0.016043
0 0.502005 0.604278 0.016043 0.016043
0 0.534759 0.585896 0.016043 0.015374
0 0.601939 0.637701 0.016711 0.014706
0 0.595588 0.621658 0.016043 0.013369
0 0.588570 0.605949 0.016711 0.014037
0 0.518382 0.576203 0.016711 0.014706
0 0.536430 0.568182 0.016711 0.016043
0 0.606618 0.652406 0.016711 0.012032
0 0.618984 0.638703 0.014706 0.014037
0 0.614305 0.623329 0.017380 0.014037
0 0.607955 0.607620 0.016711 0.016043
0 0.637032 0.638369 0.016043 0.014706
0 0.626671 0.606952 0.015374 0.016043
0 0.637032 0.621992 0.016043 0.016711
0 0.647727 0.606618 0.014706 0.014037
0 0.501337 0.584225 0.014706 0.016043
0 0.520053 0.558155 0.016043 0.016043
0 0.503008 0.566511 0.014037 0.015374
0 0.504345 0.548128 0.015374 0.016043
0 0.538102 0.549131 0.016043 0.015374
0 0.539439 0.530414 0.014706 0.016711
0 0.520722 0.538436 0.016043 0.015374
0 0.504679 0.529078 0.014706 0.015374
0 0.524398 0.646056 0.016711 0.014037
0 0.521725 0.629345 0.016711 0.014037
0 0.417781 0.668115 0.016043 0.015374
0 0.389372 0.654078 0.016711 0.015374
0 0.407754 0.651738 0.017380 0.016043
0 0.581885 0.637032 0.015374 0.013369
0 0.436497 0.666778 0.016043 0.015374
0 0.426805 0.652406 0.016711 0.014706
0 0.533088 0.604278 0.014037 0.016043
0 0.535428 0.657420 0.014706 0.015374
0 0.506016 0.645722 0.016043 0.016043
0 0.516711 0.661765 0.016043 0.014706
0 0.585227 0.648730 0.012701 0.008690
0 0.504011 0.629011 0.016043 0.016043
0 0.541110 0.626003 0.014037 0.015374
0 0.551471 0.607955 0.014706 0.014037
0 0.570521 0.607286 0.015374 0.014037
0 0.559158 0.623997 0.018048 0.015374
0 0.578209 0.622660 0.016043 0.015374
0 0.542781 0.642714 0.016043 0.014037
0 0.552807 0.653743 0.012032 0.009358
0 0.232286 0.459225 0.020722 0.020053
0 0.247995 0.402072 0.020053 0.019385
0 0.263035 0.383021 0.019385 0.017380
0 0.278409 0.368650 0.020722 0.018048
0 0.245321 0.508690 0.017380 0.017380
0 0.214572 0.527406 0.016043 0.018717
0 0.232286 0.538770 0.016711 0.018717
0 0.250000 0.528075 0.018717 0.017380
0 0.268382 0.487299 0.018048 0.018717
0 0.270388 0.506350 0.018048 0.018048
0 0.270388 0.526738 0.018048 0.017380
0 0.271725 0.545789 0.018048 0.016711
0 0.289773 0.505682 0.018048 0.018048
0 0.291444 0.525735 0.017380 0.018048
0 0.294452 0.544452 0.018048 0.016711
0 0.309158 0.515040 0.018048 0.018048
0 0.310495 0.534425 0.016711 0.015374
0 0.165441 0.447193 0.015374 0.016043
0 0.145722 0.447527 0.017380 0.016711
0 0.119318 0.446524 0.019385 0.016043
0 0.095254 0.446190 0.018048 0.016711
0 0.130682 0.429479 0.019385 0.016711
0 0.108623 0.429813 0.016711 0.017380
0 0.234291 0.420120 0.019385 0.019385
0 0.260361 0.463235 0.018048 0.020053
0 0.203543 0.488302 0.016711 0.018048
0 0.209893 0.507353 0.018717 0.017380
0 0.257353 0.423797 0.020053 0.018717
0 0.229612 0.519051 0.018048 0.018048
0 0.222594 0.438837 0.020053 0.018048
0 0.247326 0.442848 0.018717 0.016711
0 0.209893 0.456885 0.021390 0.016711
0 0.221257 0.478610 0.017380 0.017380
0 0.246992 0.478944 0.016711 0.015374
0 0.225936 0.498997 0.018717 0.018048
0 0.244987 0.643717 0.014037 0.014706
0 0.264706 0.642380 0.014706 0.014706
0 0.341912 0.671791 0.015374 0.016043
0 0.295120 0.654412 0.015374 0.014706
0 0.370989 0.654412 0.017380 0.014706
0 0.341912 0.638035 0.016711 0.015374
0 0.304144 0.639706 0.017380 0.016043
0 0.134024 0.667781 0.018048 0.017380
0 0.164773 0.683155 0.018048 0.016043
0 0.154412 0.667112 0.018717 0.016043
0 0.182152 0.674131 0.016711 0.008690
0 0.182821 0.660762 0.018048 0.018048
0 0.304479 0.671123 0.015374 0.016043
0 0.282086 0.668449 0.016043 0.016043
0 0.360628 0.638703 0.016711 0.016711
0 0.380682 0.669786 0.015374 0.016043
0 0.264706 0.659425 0.018717 0.016711
0 0.399733 0.669118 0.017380 0.014706
0 0.284425 0.640374 0.016711 0.016043
0 0.379345 0.638369 0.016711 0.016043
0 0.323195 0.638035 0.015374 0.015374
0 0.314171 0.654746 0.016043 0.015374
0 0.332553 0.655080 0.016711 0.016043
0 0.351604 0.654746 0.017380 0.016711
0 0.323195 0.672460 0.018048 0.016043
0 0.361965 0.672460 0.018048 0.016043
0 0.031751 0.481618 0.019385 0.016711
0 0.008021 0.445856 0.014706 0.016043
0 0.016043 0.428142 0.018717 0.018048
0 0.040775 0.427807 0.020053 0.017380
0 0.004345 0.385361 0.007353 0.016711
0 0.046457 0.407420 0.018048 0.016711
0 0.024398 0.408088 0.018048 0.016711
0 0.064505 0.428476 0.018048 0.017380
0 0.073864 0.446524 0.019385 0.017380
0 0.084893 0.428810 0.017380 0.018048
0 0.065174 0.396390 0.016711 0.016043
0 0.086898 0.408757 0.016043 0.015374
0 0.049799 0.388035 0.015374 0.016711
0 0.025401 0.388369 0.016043 0.016043
0 0.003008 0.364305 0.004679 0.020053
0 0.041444 0.463570 0.020053 0.016711
0 0.024733 0.531417 0.017380 0.016043
0 0.032754 0.514706 0.018717 0.017380
0 0.029078 0.447193 0.019385 0.016043
0 0.052473 0.446190 0.019385 0.016711
0 0.014037 0.549465 0.017380 0.017380
0 0.035094 0.549799 0.018048 0.015374
0 0.024733 0.566845 0.018717 0.016043
0 0.015709 0.584893 0.018048 0.017380
0 0.036765 0.584559 0.017380 0.016711
0 0.052473 0.481283 0.019385 0.018717
0 0.043449 0.497995 0.018717 0.016043
0 0.020388 0.497995 0.018048 0.016043
0 0.018048 0.463235 0.020053 0.016043
0 0.008021 0.480281 0.014706 0.016711
0 0.004011 0.497995 0.006684 0.014706
0 0.011698 0.515709 0.018048 0.016711
0 0.005348 0.532420 0.009358 0.016711
0 0.002340 0.551136 0.003342 0.011364
0 0.006350 0.568182 0.011364 0.017380
0 0.026738 0.601270 0.017380 0.015374
0 0.007353 0.601939 0.013369 0.015374
0 0.038436 0.618650 0.016711 0.015374
0 0.058489 0.688503 0.018048 0.017380
0 0.090909 0.669452 0.017380 0.015374
0 0.027741 0.672460 0.018048 0.017380
0 0.007353 0.673128 0.013369 0.017380
0 0.041778 0.652072 0.018048 0.016711
0 0.016377 0.655080 0.019385 0.016043
0 0.003342 0.655080 0.005348 0.016043
0 0.027406 0.636698 0.020053 0.016711
0 0.008021 0.637701 0.014706 0.018717
0 0.018717 0.618984 0.017380 0.017380
0 0.003676 0.618650 0.006016 0.016711
0 0.111631 0.669786 0.018717 0.017380
0 0.122995 0.685495 0.020053 0.016711
0 0.144719 0.684492 0.018048 0.014706
0 0.049131 0.671123 0.019385 0.016043
0 0.071524 0.669786 0.018717 0.016043
0 0.081885 0.686832 0.019385 0.016711
0 0.102273 0.687500 0.017380 0.016711
0 0.015709 0.690174 0.018048 0.015374
0 0.036765 0.690842 0.017380 0.016711
0 0.002674 0.427473 0.004011 0.011364