0 0.229687 0.447266 0.068750 0.064844
0 0.532031 0.562891 0.068750 0.064844
0 0.310156 0.602734 0.068750 0.064844
0 0.225000 0.592578 0.068750 0.064844
0 0.390625 0.616016 0.068750 0.064844
0 0.442969 0.549609 0.068750 0.064844
0 0.605469 0.496484 0.068750 0.064844
0 0.493750 0.479297 0.068750 0.064844
0 0.355469 0.537109 0.068750 0.064844
0 0.270313 0.525391 0.068750 0.064844
0 0.658594 0.419141 0.068750 0.064844
0 0.187500 0.514453 0.068750 0.064844
0 0.567187 0.410547 0.068750 0.064844
0 0.624219 0.337891 0.068750 0.064844
0 0.410156 0.466797 0.068750 0.064844
0 0.319531 0.455859 0.068750 0.064844
0 0.427344 0.690234 0.068750 0.064844
0 0.485156 0.635547 0.068750 0.064844
0 0.346875 0.682422 0.068750 0.064844
0 0.267969 0.666016 0.068750 0.064844
0 0.153906 0.712109 0.028125 0.030469
0 0.500000 0.819141 0.028125 0.030469
0 0.542578 0.846875 0.017969 0.029687
0 0.567969 0.851953 0.028125 0.030469
0 0.470313 0.766016 0.028125 0.030469
0 0.453906 0.729297 0.026562 0.014844
0 0.398438 0.748828 0.028125 0.030469
0 0.521875 0.671094 0.021875 0.020313
0 0.585938 0.680859 0.025000 0.019531
0 0.553906 0.769922 0.028125 0.030469
0 0.519531 0.738672 0.028125 0.030469
0 0.578125 0.747266 0.028125 0.030469
0 0.603125 0.794141 0.028125 0.030469
0 0.629687 0.773047 0.028125 0.030469
0 0.602344 0.726953 0.028125 0.030469
0 0.548438 0.709766 0.028125 0.030469
0 0.625000 0.701953 0.028125 0.030469
0 0.659375 0.712109 0.028125 0.030469
0 0.652344 0.673047 0.028125 0.030469
0 0.617969 0.664453 0.028125 0.030469
0 0.585156 0.654297 0.028125 0.030469
0 0.544141 0.640625 0.024219 0.029687
0 0.639844 0.642578 0.028125 0.030469
0 0.614844 0.613672 0.028125 0.030469
0 0.123438 0.775781 0.029687 0.032813
0 0.367969 0.787500 0.029687 0.032813
0 0.331250 0.725391 0.029687 0.022656
0 0.225000 0.700000 0.031250 0.020313
0 0.178906 0.706250 0.029687 0.032813
0 0.154688 0.796094 0.029687 0.032813
0 0.282031 0.857812 0.029687 0.032813
0 0.235156 0.860156 0.029687 0.032813
0 0.296094 0.821094 0.029687 0.032813
0 0.257031 0.815625 0.029687 0.032813
0 0.231250 0.790625 0.029687 0.032813
0 0.799219 0.827734 0.015625 0.011719
0 0.211328 0.775781 0.014844 0.020313
0 0.421094 0.767969 0.029687 0.032813
0 0.351562 0.818750 0.026562 0.025000
0 0.360156 0.847656 0.029687 0.032813
0 0.396875 0.859375 0.029687 0.032813
0 0.431250 0.867188 0.029687 0.032813
0 0.464844 0.874219 0.029687 0.032813
0 0.503125 0.877344 0.029687 0.032813
0 0.455469 0.839063 0.029687 0.032813
0 0.429688 0.814844 0.029687 0.032813
0 0.397656 0.804688 0.029687 0.032813
0 0.808594 0.815234 0.015625 0.014844
0 0.876953 0.876563 0.011719 0.009375
0 0.852344 0.869922 0.010937 0.010156
0 0.963672 0.800000 0.024219 0.020313
0 0.950000 0.819141 0.025000 0.021094
0 0.928516 0.798438 0.025781 0.020313
0 0.921484 0.821484 0.025781 0.019531
0 0.862891 0.807422 0.021094 0.016406
0 0.894141 0.816406 0.024219 0.020313
0 0.894141 0.843359 0.024219 0.019531
0 0.864453 0.840234 0.024219 0.019531
0 0.834375 0.833594 0.018750 0.015625
0 0.819922 0.796875 0.016406 0.014063
0 0.796484 0.782031 0.017969 0.014063
0 0.816406 0.761328 0.017188 0.013281
0 0.787500 0.744141 0.004687 0.008594
0 0.799609 0.745313 0.014844 0.014063
0 0.812500 0.721484 0.014063 0.011719
0 0.826172 0.730469 0.013281 0.009375
0 0.847266 0.746875 0.013281 0.009375
0 0.833594 0.763672 0.010937 0.014844
0 0.835938 0.791016 0.012500 0.013281
0 0.875000 0.778906 0.017188 0.015625
0 0.898047 0.787109 0.021094 0.016406
0 0.917188 0.777734 0.020313 0.014844
0 0.936719 0.770312 0.020313 0.020313
0 0.880859 0.742578 0.017969 0.014844
0 0.892969 0.725781 0.017188 0.014063
0 0.923438 0.742188 0.017188 0.014063
0 0.939453 0.721094 0.017969 0.015625
0 0.928516 0.753906 0.014844 0.006250
0 0.950391 0.752734 0.017969 0.013281
0 0.865234 0.709766 0.016406 0.011719
0 0.835156 0.716406 0.012500 0.009375
0 0.838672 0.848437 0.007031 0.009375
0 0.862500 0.896094 0.012500 0.009375
0 0.898828 0.902344 0.011719 0.009375
0 0.891406 0.914453 0.009375 0.008594
0 0.886328 0.936328 0.010156 0.008594
0 0.903125 0.938281 0.009375 0.007812
0 0.912891 0.933203 0.011719 0.008594
0 0.918750 0.916797 0.010937 0.008594
0 0.901953 0.879687 0.008594 0.009375
0 0.919922 0.888281 0.011719 0.010937
0 0.916406 0.899609 0.012500 0.008594
0 0.934766 0.923047 0.007031 0.008594
0 0.928906 0.941406 0.010937 0.009375
0 0.930859 0.950391 0.010156 0.007031
0 0.925391 0.964453 0.010156 0.008594
0 0.937500 0.964844 0.007812 0.009375
0 0.947656 0.963672 0.007812 0.008594
0 0.958203 0.960547 0.008594 0.008594
0 0.964453 0.947266 0.005469 0.008594
0 0.945703 0.923438 0.010156 0.009375
0 0.944922 0.932813 0.008594 0.007812
0 0.952344 0.928125 0.004687 0.004687
0 0.960547 0.925781 0.010156 0.009375
0 0.957812 0.933594 0.007812 0.004687
0 0.935156 0.932031 0.003125 0.006250
0 0.975391 0.926562 0.011719 0.010937
0 0.975391 0.952344 0.011719 0.009375
0 0.981250 0.960547 0.012500 0.007031
0 0.992578 0.968359 0.011719 0.008594
0 0.957422 0.899219 0.010156 0.009375
0 0.994531 0.916406 0.010937 0.009375
0 0.994141 0.935156 0.011719 0.009375
0 0.968359 0.887500 0.010156 0.007812
0 0.930859 0.860547 0.013281 0.011719
0 0.940234 0.860938 0.003906 0.009375
0 0.934766 0.875000 0.010156 0.009375
0 0.960156 0.867969 0.012500 0.009375
0 0.978906 0.856250 0.012500 0.010937
0 0.996875 0.875781 0.006250 0.009375
0 0.869141 0.854688 0.011719 0.006250
0 0.941797 0.833984 0.013281 0.008594
0 0.962891 0.841016 0.007031 0.008594
0 0.963672 0.850000 0.005469 0.007812
0 0.976562 0.912109 0.004687 0.008594
0 0.991406 0.835547 0.017188 0.019531
0 0.992578 0.793359 0.014844 0.019531
0 0.994531 0.762109 0.010937 0.017969
0 0.965234 0.749609 0.008594 0.013281
0 0.960547 0.733984 0.016406 0.011719
0 0.962891 0.708984 0.017969 0.014844
0 0.960156 0.721484 0.018750 0.011719
0 0.980469 0.724609 0.015625 0.014844
0 0.998828 0.746875 0.002344 0.010937
0 0.817969 0.007812 0.012500 0.012500
0 0.916797 0.021094 0.013281 0.015625
0 0.883594 0.023047 0.012500 0.014844
0 0.876953 0.042188 0.013281 0.014063
0 0.871094 0.011719 0.014063 0.012500
0 0.868359 0.027734 0.013281 0.013281
0 0.841406 0.007812 0.012500 0.012500
0 0.853906 0.021484 0.010937 0.013281
0 0.889453 0.051172 0.010156 0.013281
0 0.905469 0.046484 0.012500 0.011719
0 0.908203 0.063281 0.008594 0.009375
0 0.915625 0.054688 0.006250 0.006250
0 0.938281 0.021094 0.009375 0.012500
0 0.927344 0.004687 0.009375 0.007812
0 0.950000 0.004297 0.010937 0.007031
0 0.807031 0.012500 0.004687 0.007812
0 0.883203 0.004687 0.005469 0.006250
0 0.882031 0.012500 0.004687 0.004687
0 0.891406 0.011719 0.009375 0.009375
0 0.902344 0.018359 0.007812 0.010156
0 0.896484 0.030859 0.007031 0.008594
0 0.837500 0.042969 0.009375 0.009375
0 0.889844 0.082812 0.009375 0.010937
0 0.867969 0.075391 0.007812 0.010156
0 0.858984 0.073047 0.008594 0.011719
0 0.859375 0.061719 0.004687 0.007812
0 0.850000 0.062500 0.010937 0.010937
0 0.815234 0.061719 0.010156 0.010937
0 0.799219 0.057813 0.006250 0.009375
0 0.810156 0.053516 0.007812 0.008594
0 0.827734 0.049609 0.010156 0.010156
0 0.833984 0.063281 0.010156 0.009375
0 0.812500 0.078516 0.009375 0.008594
0 0.825000 0.072266 0.009375 0.010156
0 0.837500 0.079687 0.009375 0.009375
0 0.807813 0.092969 0.006250 0.009375
0 0.820312 0.085938 0.007812 0.004687
0 0.818359 0.096875 0.007031 0.010937
0 0.827734 0.094141 0.005469 0.007031
0 0.844922 0.097266 0.010156 0.010156
0 0.866406 0.097266 0.010937 0.010156
0 0.834375 0.096484 0.004687 0.007031
0 0.855469 0.094141 0.004687 0.008594
0 0.865625 0.087500 0.009375 0.001563
0 0.877734 0.091016 0.008594 0.010156
0 0.900781 0.088672 0.007812 0.008594
0 0.910937 0.094922 0.007812 0.008594
0 0.921875 0.101172 0.007812 0.008594
0 0.933984 0.111328 0.008594 0.008594
0 0.939844 0.121484 0.010937 0.008594
0 0.994141 0.120313 0.008594 0.007812
0 0.996484 0.131250 0.007031 0.009375
0 0.888281 0.101953 0.004687 0.008594
0 0.900781 0.101562 0.009375 0.006250
0 0.912500 0.108984 0.010937 0.010156
0 0.825781 0.107813 0.007812 0.007812
0 0.850391 0.108594 0.010156 0.007812
0 0.859766 0.114453 0.008594 0.010156
0 0.835547 0.118750 0.008594 0.010937
0 0.821875 0.123438 0.007812 0.009375
0 0.798828 0.128906 0.007031 0.006250
0 0.810156 0.131250 0.009375 0.009375
0 0.821484 0.135156 0.008594 0.009375
0 0.839453 0.128516 0.008594 0.010156
0 0.848047 0.125000 0.003906 0.007812
0 0.860547 0.127344 0.010156 0.012500
0 0.880078 0.103906 0.008594 0.009375
0 0.810937 0.151172 0.014063 0.011719
0 0.827734 0.146094 0.008594 0.007812
0 0.843750 0.146484 0.007812 0.008594
0 0.841016 0.138281 0.010156 0.004687
0 0.854688 0.148047 0.009375 0.011719
0 0.866016 0.139063 0.008594 0.007812
0 0.870703 0.124609 0.005469 0.008594
0 0.893750 0.109766 0.009375 0.007031
0 0.878516 0.130859 0.010156 0.010156
0 0.802734 0.172656 0.011719 0.009375
0 0.873828 0.146875 0.008594 0.009375
0 0.906250 0.124609 0.007812 0.007031
0 0.913281 0.137500 0.010937 0.009375
0 0.925391 0.135547 0.008594 0.011719
0 0.886328 0.142578 0.010156 0.008594
0 0.901563 0.148438 0.010937 0.009375
0 0.828516 0.158594 0.008594 0.007812
0 0.842187 0.161328 0.009375 0.008594
0 0.889453 0.152734 0.011719 0.010156
0 0.912109 0.152344 0.007031 0.009375
0 0.923438 0.150781 0.006250 0.006250
0 0.930469 0.145313 0.004687 0.006250
0 0.941406 0.151562 0.007812 0.009375
0 0.952344 0.153125 0.006250 0.007812
0 0.801953 0.187109 0.011719 0.010156
0 0.796484 0.206250 0.010156 0.010937
0 0.808984 0.213281 0.010156 0.010937
0 0.810156 0.196875 0.010937 0.009375
0 0.818750 0.178125 0.010937 0.009375
0 0.835156 0.174219 0.009375 0.006250
0 0.867188 0.166016 0.010937 0.010156
0 0.885156 0.167578 0.007812 0.005469
0 0.915234 0.162500 0.010156 0.006250
0 0.830469 0.185156 0.010937 0.007812
0 0.826953 0.196875 0.013281 0.010937
0 0.844922 0.187500 0.010156 0.006250
0 0.898047 0.181641 0.024219 0.022656
0 0.865625 0.192969 0.026562 0.023438
0 0.828125 0.244922 0.023438 0.021094
0 0.996875 0.208594 0.006250 0.020313
0 0.877344 0.242188 0.023438 0.023438
0 0.920312 0.205859 0.032813 0.025781
0 0.949609 0.198047 0.027344 0.027344
0 0.988672 0.183203 0.022656 0.025781
0 0.991406 0.154297 0.017188 0.032031
0 0.954297 0.172266 0.014844 0.024219
0 0.929297 0.175391 0.028906 0.025781
0 0.883594 0.214453 0.026562 0.024219
0 0.821094 0.273438 0.021875 0.023438
0 0.854688 0.224609 0.026562 0.024219
0 0.967187 0.219922 0.021875 0.021094
0 0.929297 0.231250 0.025781 0.021875
0 0.904297 0.239453 0.025781 0.022656
0 0.851953 0.263672 0.024219 0.021094
0 0.885547 0.267969 0.022656 0.021875
0 0.917578 0.261719 0.024219 0.018750
0 0.985547 0.240234 0.025781 0.019531
0 0.975391 0.269141 0.024219 0.021094
0 0.945312 0.279297 0.028125 0.019531
0 0.909375 0.289062 0.025000 0.020313
0 0.998828 0.261328 0.002344 0.014844
0 0.998437 0.289844 0.003125 0.017188
0 0.826172 0.299609 0.022656 0.021094
0 0.853516 0.291016 0.022656 0.019531
0 0.880078 0.297656 0.024219 0.021875
0 0.904687 0.312891 0.020313 0.014844
0 0.932813 0.305078 0.021875 0.021094
0 0.971875 0.295703 0.023438 0.019531
0 0.812891 0.326172 0.022656 0.017969
0 0.798828 0.345703 0.016406 0.016406
0 0.845313 0.318750 0.021875 0.020313
0 0.889453 0.329688 0.022656 0.018750
0 0.813281 0.379688 0.018750 0.018750
0 0.842187 0.345313 0.020313 0.017188
0 0.869141 0.359766 0.022656 0.016406
0 0.847266 0.376563 0.022656 0.020313
0 0.898438 0.346094 0.021875 0.015625
0 0.921484 0.333984 0.022656 0.019531
0 0.965625 0.327344 0.025000 0.018750
0 0.979688 0.314453 0.006250 0.008594
0 0.990625 0.308984 0.010937 0.014844
0 0.943750 0.353906 0.020313 0.018750
0 0.918750 0.362891 0.023438 0.021094
0 0.966406 0.347266 0.017188 0.011719
0 0.996094 0.337109 0.007812 0.016406
0 0.823828 0.408203 0.021094 0.019531
0 0.839453 0.424609 0.022656 0.021094
0 0.810156 0.429297 0.021875 0.019531
0 0.865625 0.453125 0.025000 0.021875
0 0.893750 0.445703 0.023438 0.021094
0 0.918359 0.435156 0.022656 0.023438
0 0.956250 0.432031 0.026562 0.023438
0 0.984766 0.421484 0.025781 0.025781
0 0.997656 0.367188 0.004687 0.021875
0 0.980078 0.389062 0.025781 0.023438
0 0.947266 0.397266 0.027344 0.021094
0 0.921484 0.405078 0.014844 0.016406
0 0.898828 0.416797 0.024219 0.019531
0 0.868750 0.419922 0.025000 0.022656
0 0.958594 0.371875 0.025000 0.023438
0 0.932031 0.380469 0.018750 0.020313
0 0.908984 0.389062 0.025781 0.025000
0 0.875000 0.385156 0.025000 0.021875
0 0.850000 0.400000 0.026562 0.023438
0 0.833203 0.455859 0.021094 0.019531
0 0.857812 0.481250 0.023438 0.020313
0 0.881250 0.467969 0.014063 0.014063
0 0.910937 0.462500 0.020313 0.020313
0 0.950000 0.460938 0.025000 0.018750
0 0.976172 0.450000 0.019531 0.018750
0 0.799609 0.503906 0.011719 0.010937
0 0.792969 0.518750 0.014063 0.012500
0 0.841797 0.489844 0.008594 0.010937
0 0.837500 0.504297 0.012500 0.013281
0 0.822266 0.510156 0.013281 0.014063
0 0.812109 0.537109 0.013281 0.010156
0 0.799219 0.687891 0.012500 0.011719
0 0.994922 0.676562 0.010156 0.017188
0 0.970703 0.690625 0.014844 0.014063
0 0.973047 0.672656 0.021094 0.018750
0 0.895703 0.669531 0.017969 0.017188
0 0.911328 0.707031 0.017969 0.015625
0 0.927734 0.689063 0.019531 0.018750
0 0.885547 0.700391 0.016406 0.016406
0 0.858984 0.694531 0.014844 0.012500
0 0.845313 0.701172 0.009375 0.011719
0 0.833594 0.704297 0.014063 0.011719
0 0.872656 0.679688 0.018750 0.017188
0 0.899219 0.687891 0.017188 0.016406
0 0.817969 0.651563 0.014063 0.014063
0 0.785156 0.685156 0.010937 0.010937
0 0.815234 0.699219 0.014844 0.010937
0 0.825781 0.678906 0.012500 0.012500
0 0.835547 0.682813 0.005469 0.009375
0 0.835156 0.666797 0.012500 0.013281
0 0.845313 0.670703 0.003125 0.008594
0 0.853906 0.662891 0.012500 0.011719
0 0.887109 0.626563 0.016406 0.012500
0 0.927734 0.613672 0.013281 0.013281
0 0.940625 0.603125 0.007812 0.009375
0 0.938672 0.616797 0.005469 0.011719
0 0.900391 0.614844 0.014844 0.014063
0 0.870703 0.657813 0.014844 0.017188
0 0.956250 0.601562 0.015625 0.014063
0 0.969922 0.600781 0.008594 0.014063
0 0.994141 0.608984 0.011719 0.013281
0 0.914453 0.626563 0.016406 0.014063
0 0.924609 0.652734 0.016406 0.014844
0 0.937500 0.642969 0.015625 0.014063
0 0.960938 0.647656 0.015625 0.014063
0 0.976562 0.648438 0.012500 0.014063
0 0.992969 0.641797 0.014063 0.013281
0 0.880078 0.639844 0.013281 0.012500
0 0.891016 0.638672 0.005469 0.008594
0 0.800391 0.651563 0.013281 0.010937
0 0.844141 0.646094 0.011719 0.010937
0 0.853906 0.650391 0.004687 0.005469
0 0.789453 0.647266 0.005469 0.007031
0 0.799609 0.614062 0.011719 0.010937
0 0.823828 0.623047 0.013281 0.010156
0 0.840625 0.619531 0.012500 0.010937
0 0.860156 0.622266 0.010937 0.010156
0 0.800781 0.550391 0.010937 0.011719
0 0.801562 0.569531 0.012500 0.012500
0 0.986719 0.587891 0.010937 0.011719
0 0.994531 0.580469 0.010937 0.015625
0 0.961328 0.557031 0.013281 0.014063
0 0.978906 0.550781 0.015625 0.014063
0 0.985156 0.537891 0.010937 0.010156
0 0.840234 0.601953 0.016406 0.014844
0 0.994531 0.532031 0.010937 0.017188
0 0.979688 0.518359 0.017188 0.016406
0 0.958594 0.526953 0.015625 0.014844
0 0.872266 0.558203 0.011719 0.013281
0 0.832422 0.556641 0.014844 0.014844
0 0.976953 0.615625 0.016406 0.014063
0 0.796875 0.587500 0.012500 0.010937
0 0.790234 0.568359 0.008594 0.010156
0 0.785547 0.600000 0.007031 0.010937
0 0.808984 0.590625 0.010156 0.012500
0 0.819141 0.585156 0.008594 0.009375
0 0.813281 0.576562 0.007812 0.006250
0 0.809766 0.605469 0.008594 0.010937
0 0.822266 0.601172 0.011719 0.011719
0 0.848437 0.582031 0.012500 0.014063
0 0.846484 0.563281 0.011719 0.012500
0 0.859766 0.566016 0.008594 0.011719
0 0.865625 0.584766 0.012500 0.010156
0 0.848437 0.592187 0.004687 0.004687
0 0.855859 0.594531 0.007031 0.007812
0 0.877734 0.605469 0.014844 0.009375
0 0.881250 0.579297 0.014063 0.010156
0 0.894922 0.601172 0.011719 0.010156
0 0.908984 0.599219 0.010156 0.010937
0 0.926953 0.592969 0.010156 0.010937
0 0.894141 0.571094 0.011719 0.010937
0 0.857422 0.533594 0.013281 0.012500
0 0.898828 0.539062 0.010156 0.012500
0 0.918359 0.535547 0.016406 0.014844
0 0.908594 0.564063 0.014063 0.014063
0 0.915234 0.581250 0.014844 0.014063
0 0.926172 0.558594 0.014844 0.014063
0 0.942969 0.551562 0.015625 0.012500
0 0.932813 0.533594 0.010937 0.012500
0 0.942969 0.526563 0.009375 0.012500
0 0.901563 0.506641 0.015625 0.013281
0 0.967187 0.571875 0.007812 0.012500
0 0.955859 0.574609 0.013281 0.011719
0 0.880469 0.550000 0.014063 0.009375
0 0.887109 0.533984 0.011719 0.010156
0 0.892578 0.546484 0.010156 0.005469
0 0.858594 0.552344 0.014063 0.010937
0 0.824219 0.531641 0.012500 0.011719
0 0.837109 0.533594 0.008594 0.010937
0 0.853125 0.512891 0.014063 0.010156
0 0.873828 0.510156 0.014844 0.012500
0 0.887109 0.515625 0.010156 0.010937
0 0.864453 0.517969 0.007031 0.007812
0 0.977734 0.494531 0.013281 0.012500
0 0.987109 0.507812 0.008594 0.007812
0 0.873437 0.494531 0.014063 0.010937
0 0.884375 0.483594 0.014063 0.010937
0 0.903516 0.481250 0.013281 0.012500
0 0.896484 0.489063 0.007031 0.006250
0 0.924609 0.493359 0.016406 0.011719
0 0.927734 0.478516 0.011719 0.008594
0 0.948438 0.477734 0.015625 0.008594
0 0.966016 0.469531 0.005469 0.007812
0 0.997656 0.464453 0.004687 0.011719
0 0.992969 0.476172 0.009375 0.011719