0 0.428516 0.269922 0.021094 0.022656
0 0.397266 0.291406 0.014844 0.023438
0 0.377734 0.325391 0.022656 0.022656
0 0.394141 0.349219 0.022656 0.023438
0 0.422656 0.347656 0.025000 0.021875
0 0.451562 0.346094 0.025000 0.023438
0 0.478516 0.344922 0.024219 0.024219
0 0.505859 0.344531 0.025781 0.025000
0 0.559766 0.344531 0.025781 0.026562
0 0.532813 0.343750 0.025000 0.025000
0 0.404687 0.324609 0.025000 0.025781
0 0.433203 0.321875 0.024219 0.026562
0 0.462109 0.319922 0.025781 0.025781
0 0.490234 0.317969 0.024219 0.025000
0 0.517188 0.319531 0.026562 0.023438
0 0.544922 0.318359 0.025781 0.024219
0 0.571484 0.317578 0.025781 0.024219
0 0.526953 0.293359 0.024219 0.027344
0 0.500391 0.293359 0.022656 0.024219
0 0.473828 0.293359 0.022656 0.025781
0 0.444531 0.296484 0.023438 0.024219
0 0.417187 0.297656 0.021875 0.021875
0 0.369141 0.350000 0.022656 0.023438
0 0.382422 0.375391 0.022656 0.022656
0 0.402344 0.395703 0.020313 0.021094
0 0.574219 0.370312 0.023438 0.025000
0 0.547266 0.370703 0.024219 0.022656
0 0.519922 0.369531 0.022656 0.021875
0 0.493359 0.368750 0.024219 0.023438
0 0.465234 0.369922 0.025781 0.022656
0 0.437891 0.371094 0.022656 0.023438
0 0.410156 0.371875 0.023438 0.023438
0 0.417578 0.419531 0.022656 0.018750
0 0.473828 0.464453 0.022656 0.019531
0 0.448047 0.463281 0.022656 0.020313
0 0.433203 0.441016 0.022656 0.021094
0 0.444141 0.418359 0.024219 0.021094
0 0.458984 0.442188 0.024219 0.021875
0 0.484766 0.441797 0.024219 0.022656
0 0.512891 0.440625 0.025781 0.021875
0 0.541016 0.439844 0.024219 0.021875
0 0.552734 0.416797 0.024219 0.021094
0 0.525000 0.417187 0.026562 0.021875
0 0.497266 0.417187 0.024219 0.023438
0 0.470313 0.417578 0.025000 0.021094
0 0.564453 0.393750 0.025781 0.021875
0 0.535547 0.393750 0.024219 0.023438
0 0.508594 0.392969 0.025000 0.023438
0 0.481641 0.393750 0.024219 0.021875
0 0.454688 0.394141 0.025000 0.024219
0 0.427734 0.395313 0.022656 0.021875
0 0.421094 0.463281 0.023438 0.020313
0 0.394922 0.462109 0.022656 0.019531
0 0.369141 0.462891 0.022656 0.019531
0 0.384375 0.483984 0.023438 0.017969
0 0.398047 0.508203 0.021094 0.021094
0 0.424609 0.507422 0.022656 0.021094
0 0.451953 0.507422 0.022656 0.019531
0 0.478906 0.507812 0.023438 0.018750
0 0.558594 0.507031 0.023438 0.020313
0 0.531250 0.507422 0.023438 0.021094
0 0.504687 0.507031 0.023438 0.018750
0 0.571094 0.485547 0.023438 0.021094
0 0.555078 0.463281 0.024219 0.021875
0 0.527344 0.464062 0.023438 0.020313
0 0.501172 0.462891 0.022656 0.019531
0 0.543750 0.485156 0.021875 0.020313
0 0.515625 0.486328 0.023438 0.019531
0 0.489453 0.485938 0.022656 0.021875
0 0.463672 0.484766 0.024219 0.019531
0 0.437109 0.485156 0.022656 0.018750
0 0.410547 0.484766 0.022656 0.019531
0 0.354297 0.325391 0.019531 0.021094
0 0.320703 0.397266 0.024219 0.021094
0 0.347656 0.397266 0.023438 0.022656
0 0.375781 0.397266 0.025000 0.019531
0 0.289844 0.351562 0.021875 0.023438
0 0.318359 0.348438 0.022656 0.021875
0 0.332031 0.373437 0.025000 0.023438
0 0.357422 0.374219 0.022656 0.021875
0 0.342969 0.350000 0.021875 0.021875
0 0.273047 0.372656 0.021094 0.021875
0 0.304297 0.373828 0.024219 0.019531
0 0.266797 0.400391 0.019531 0.021094
0 0.294531 0.396094 0.023438 0.020313
0 0.233594 0.411328 0.020313 0.019531
0 0.256250 0.423828 0.020313 0.019531
0 0.285938 0.419531 0.020313 0.021875
0 0.310937 0.418750 0.020313 0.020313
0 0.336328 0.418359 0.019531 0.019531
0 0.363281 0.417969 0.025000 0.018750
0 0.390234 0.418359 0.024219 0.017969
0 0.223438 0.435937 0.020313 0.018750
0 0.248828 0.446484 0.019531 0.019531
0 0.278516 0.441797 0.021094 0.019531
0 0.302734 0.441406 0.021094 0.018750
0 0.328125 0.441016 0.021875 0.019531
0 0.353516 0.441016 0.022656 0.019531
0 0.379688 0.440625 0.021875 0.020313
0 0.405859 0.440625 0.022656 0.018750
0 0.244141 0.466797 0.021094 0.017969
0 0.268750 0.464453 0.020313 0.019531
0 0.294141 0.464453 0.022656 0.017969
0 0.318359 0.462891 0.021094 0.017969
0 0.342969 0.464453 0.021875 0.017969
0 0.213672 0.459766 0.021094 0.017969
0 0.212500 0.479297 0.020313 0.017969
0 0.207813 0.500000 0.015625 0.017188
0 0.229297 0.510547 0.019531 0.016406
0 0.223047 0.531250 0.017969 0.017188
0 0.235156 0.488672 0.018750 0.019531
0 0.261328 0.485156 0.021094 0.018750
0 0.254688 0.505469 0.020313 0.017188
0 0.250000 0.527344 0.018750 0.017188
0 0.286328 0.486328 0.021094 0.017969
0 0.310547 0.484766 0.021094 0.017969
0 0.334375 0.484375 0.020313 0.017188
0 0.358984 0.484375 0.022656 0.018750
0 0.278516 0.508984 0.021094 0.017969
0 0.302344 0.506250 0.021875 0.017188
0 0.326172 0.505469 0.021094 0.015625
0 0.350391 0.505859 0.021094 0.016406
0 0.374609 0.504687 0.019531 0.017188
0 0.242578 0.547266 0.021094 0.016406
0 0.227734 0.561719 0.019531 0.014063
0 0.249219 0.575781 0.020313 0.015625
0 0.238672 0.596875 0.017969 0.015625
0 0.253516 0.614844 0.017969 0.017188
0 0.264062 0.637500 0.020313 0.014063
0 0.272656 0.537109 0.020313 0.016406
0 0.266016 0.555469 0.021094 0.015625
0 0.270703 0.577344 0.019531 0.017188
0 0.262500 0.596484 0.018750 0.016406
0 0.275781 0.616797 0.020313 0.016406
0 0.294922 0.528125 0.022656 0.017188
0 0.317969 0.526172 0.020313 0.017969
0 0.341406 0.525781 0.020313 0.017188
0 0.289453 0.555469 0.021094 0.017188
0 0.366016 0.525781 0.021094 0.015625
0 0.390234 0.526172 0.021094 0.014844
0 0.311328 0.549609 0.019531 0.016406
0 0.332813 0.547266 0.020313 0.016406
0 0.356641 0.546484 0.021094 0.017969
0 0.380859 0.546094 0.022656 0.018750
0 0.294531 0.577734 0.020313 0.017969
0 0.316016 0.571875 0.017969 0.015625
0 0.337109 0.568750 0.019531 0.015625
0 0.360547 0.567969 0.021094 0.017188
0 0.285938 0.596484 0.020313 0.016406
0 0.308203 0.598047 0.019531 0.016406
0 0.328906 0.591406 0.018750 0.015625
0 0.299219 0.616797 0.018750 0.016406
0 0.288672 0.637109 0.021094 0.016406
0 0.310937 0.637891 0.018750 0.017969
0 0.321875 0.617578 0.020313 0.016406
0 0.342187 0.611328 0.018750 0.017969
0 0.332813 0.637891 0.018750 0.016406
0 0.352734 0.633594 0.019531 0.017188
0 0.350391 0.589844 0.019531 0.017188
0 0.363281 0.610938 0.020313 0.017188
0 0.373437 0.589063 0.020313 0.017188
0 0.389844 0.608203 0.021875 0.016406
0 0.380469 0.628516 0.021875 0.014844
0 0.372656 0.647266 0.021875 0.013281
0 0.271094 0.658594 0.015625 0.015625
0 0.292969 0.660547 0.018750 0.014844
0 0.316016 0.660547 0.019531 0.016406
0 0.339844 0.662891 0.017188 0.016406
0 0.362109 0.667969 0.017969 0.015625
0 0.279687 0.679688 0.017188 0.014063
0 0.301172 0.682813 0.019531 0.015625
0 0.328516 0.682422 0.017969 0.016406
0 0.352734 0.687500 0.017969 0.015625
0 0.292187 0.699219 0.015625 0.012500
0 0.317578 0.700000 0.019531 0.014063
0 0.385547 0.569531 0.019531 0.018750
0 0.400391 0.589453 0.021094 0.016406
0 0.416797 0.608984 0.021094 0.016406
0 0.406641 0.627344 0.021094 0.015625
0 0.395703 0.648047 0.019531 0.016406
0 0.411719 0.570703 0.021875 0.017969
0 0.427344 0.589453 0.020313 0.016406
0 0.442188 0.608594 0.020313 0.017188
0 0.452734 0.589453 0.019531 0.014844
0 0.437109 0.570703 0.021094 0.016406
0 0.462891 0.571484 0.021094 0.017969
0 0.430469 0.628516 0.020313 0.016406
0 0.419922 0.648828 0.022656 0.016406
0 0.454297 0.631641 0.021094 0.016406
0 0.385156 0.670312 0.018750 0.017188
0 0.408594 0.671094 0.020313 0.015625
0 0.432031 0.670703 0.020313 0.014844
0 0.444531 0.649219 0.020313 0.015625
0 0.375781 0.687891 0.018750 0.014844
0 0.400000 0.688672 0.018750 0.014844
0 0.422266 0.689063 0.019531 0.014063
0 0.445703 0.689453 0.019531 0.014844
0 0.457031 0.671484 0.021875 0.017969
0 0.307031 0.719922 0.018750 0.014844
0 0.329688 0.720313 0.018750 0.015625
0 0.347266 0.735547 0.019531 0.016406
0 0.341016 0.701562 0.019531 0.015625
0 0.367188 0.703906 0.020313 0.015625
0 0.380078 0.723047 0.019531 0.014844
0 0.390234 0.704688 0.019531 0.015625
0 0.414062 0.706250 0.020313 0.015625
0 0.405078 0.723047 0.019531 0.014844
0 0.438281 0.705859 0.020313 0.013281
0 0.427344 0.726562 0.018750 0.014063
0 0.446875 0.737109 0.018750 0.014844
0 0.461328 0.706641 0.017969 0.014844
0 0.470703 0.691406 0.021094 0.015625
0 0.442969 0.813672 0.020313 0.016406
0 0.587500 0.342969 0.023438 0.023438
0 0.629687 0.349609 0.025000 0.021094
0 0.605078 0.366406 0.025781 0.020313
0 0.592969 0.391797 0.023438 0.019531
0 0.620703 0.390234 0.025781 0.021094
0 0.644531 0.373828 0.025000 0.021094
0 0.661328 0.396484 0.024219 0.017969
0 0.580078 0.416406 0.024219 0.020313
0 0.608203 0.413672 0.025781 0.021094
0 0.637891 0.414062 0.024219 0.020313
0 0.567578 0.439453 0.022656 0.019531
0 0.596484 0.437891 0.024219 0.017969
0 0.625391 0.437500 0.022656 0.018750
0 0.653516 0.435937 0.025781 0.018750
0 0.677734 0.419922 0.025781 0.019531
0 0.707812 0.414844 0.023438 0.018750
0 0.693359 0.440625 0.024219 0.020313
0 0.582812 0.462500 0.025000 0.020313
0 0.611719 0.461719 0.025000 0.018750
0 0.639844 0.460547 0.023438 0.022656
0 0.668750 0.457031 0.025000 0.020313
0 0.723047 0.439063 0.024219 0.020313
0 0.708594 0.466016 0.025000 0.019531
0 0.738672 0.460547 0.024219 0.017969
0 0.599219 0.484766 0.021875 0.017969
0 0.626953 0.483984 0.025781 0.017969
0 0.655859 0.483984 0.024219 0.017969
0 0.685156 0.480469 0.025000 0.017188
0 0.724219 0.489063 0.023438 0.018750
0 0.753125 0.483594 0.023438 0.018750
0 0.614062 0.506641 0.021875 0.017969
0 0.642188 0.506641 0.023438 0.017969
0 0.670703 0.505469 0.022656 0.020313
0 0.699609 0.503906 0.024219 0.017188
0 0.740234 0.510938 0.024219 0.018750
0 0.768359 0.506250 0.024219 0.018750
0 0.587500 0.505859 0.021875 0.019531
0 0.574609 0.528516 0.021094 0.019531
0 0.601562 0.527344 0.021875 0.020313
0 0.628906 0.529297 0.023438 0.019531
0 0.657031 0.528125 0.021875 0.017188
0 0.686328 0.527344 0.024219 0.018750
0 0.714453 0.525781 0.024219 0.020313
0 0.753516 0.534375 0.024219 0.017188
0 0.588281 0.549219 0.021875 0.018750
0 0.616016 0.551953 0.022656 0.017969
0 0.643750 0.551562 0.023438 0.017188
0 0.671094 0.550000 0.023438 0.017188
0 0.700781 0.553516 0.023438 0.019531
0 0.728906 0.549609 0.021875 0.016406
0 0.592969 0.573047 0.021875 0.021094
0 0.620313 0.573047 0.025000 0.017969
0 0.647266 0.575000 0.022656 0.017188
0 0.676172 0.575781 0.024219 0.017188
0 0.703906 0.576172 0.023438 0.019531
0 0.730859 0.575000 0.021094 0.018750
0 0.581250 0.594141 0.020313 0.016406
0 0.607812 0.595703 0.020313 0.016406
0 0.635156 0.596094 0.021875 0.017188
0 0.662891 0.596484 0.021094 0.017969
0 0.689844 0.599219 0.023438 0.017188
0 0.717969 0.597656 0.023438 0.017188
0 0.570312 0.615234 0.020313 0.017969
0 0.594922 0.618750 0.019531 0.017188
0 0.623047 0.618750 0.021094 0.018750
0 0.649609 0.617578 0.021094 0.016406
0 0.677344 0.619531 0.021875 0.017188
0 0.704297 0.619922 0.022656 0.016406
0 0.585547 0.638672 0.019531 0.016406
0 0.611719 0.637891 0.021875 0.016406
0 0.637891 0.641016 0.021094 0.017969
0 0.666016 0.642969 0.022656 0.017188
0 0.691406 0.640625 0.020313 0.015625
0 0.573828 0.657422 0.021094 0.016406
0 0.602734 0.661328 0.022656 0.016406
0 0.628906 0.660156 0.020313 0.015625
0 0.655469 0.664453 0.023438 0.016406
0 0.682422 0.662891 0.021094 0.016406
0 0.587891 0.681250 0.021094 0.017188
0 0.617578 0.686328 0.021094 0.017969
0 0.644141 0.687500 0.021094 0.015625
0 0.667188 0.688281 0.018750 0.015625
0 0.578906 0.699219 0.017188 0.017188
0 0.603516 0.705859 0.021094 0.014844
0 0.630469 0.707422 0.020313 0.016406
0 0.656250 0.709766 0.020313 0.014844
0 0.587500 0.719531 0.021875 0.015625
0 0.615625 0.724219 0.021875 0.015625
0 0.642969 0.731250 0.020313 0.015625
0 0.574219 0.735938 0.018750 0.014063
0 0.599219 0.743359 0.018750 0.016406
0 0.626953 0.744141 0.019531 0.016406
0 0.487109 0.708594 0.019531 0.015625
0 0.496484 0.691406 0.021094 0.015625
0 0.521094 0.692578 0.020313 0.016406
0 0.510156 0.709375 0.018750 0.017188
0 0.546875 0.694922 0.021875 0.014844
0 0.562891 0.712500 0.021094 0.015625
0 0.534375 0.714844 0.020313 0.017188
0 0.521484 0.735156 0.017969 0.015625
0 0.551562 0.730078 0.018750 0.014844
0 0.482422 0.671484 0.019531 0.016406
0 0.507812 0.675000 0.020313 0.015625
0 0.535156 0.673047 0.021875 0.014844
0 0.563281 0.676172 0.020313 0.017969
0 0.470703 0.648047 0.019531 0.016406
0 0.414453 0.527734 0.021094 0.017969
0 0.405078 0.546875 0.021094 0.018750
0 0.428516 0.548047 0.022656 0.019531
0 0.440234 0.526953 0.024219 0.017969
0 0.455078 0.548047 0.021094 0.021094
0 0.466406 0.528125 0.023438 0.018750
0 0.492578 0.528516 0.021094 0.017969
0 0.519141 0.529687 0.022656 0.018750
0 0.546094 0.528516 0.021875 0.017969
0 0.480859 0.550391 0.022656 0.017969
0 0.508984 0.549609 0.021094 0.019531
0 0.534766 0.549219 0.022656 0.017188
0 0.561328 0.549609 0.022656 0.016406
0 0.488672 0.573828 0.021094 0.017969
0 0.514062 0.575391 0.021875 0.017969
0 0.540234 0.574609 0.024219 0.017969
0 0.477734 0.591406 0.021094 0.015625
0 0.504297 0.593359 0.021094 0.016406
0 0.530469 0.593359 0.021875 0.014844
0 0.466797 0.610156 0.021094 0.017188
0 0.491406 0.610547 0.020313 0.016406
0 0.519531 0.611719 0.023438 0.015625
0 0.480859 0.629687 0.022656 0.014063
0 0.507812 0.628516 0.021875 0.016406
0 0.533984 0.630078 0.021094 0.016406
0 0.567578 0.573047 0.022656 0.017969
0 0.556641 0.593359 0.022656 0.016406
0 0.545312 0.612891 0.020313 0.016406
0 0.560547 0.634766 0.019531 0.016406
0 0.495703 0.648828 0.021094 0.016406
0 0.521484 0.650000 0.021094 0.017188
0 0.548047 0.655469 0.021094 0.015625