0 0.308489 0.218917 0.027406 0.027406
0 0.530414 0.169452 0.028743 0.030080
0 0.496658 0.177473 0.029412 0.031417
0 0.431818 0.207553 0.028075 0.028743
0 0.399398 0.199198 0.028743 0.030749
0 0.377340 0.218583 0.024733 0.025401
0 0.343917 0.234291 0.027406 0.027406
0 0.280080 0.243316 0.029412 0.029412
0 0.465909 0.163770 0.028075 0.030749
0 0.430816 0.172794 0.028743 0.028743
0 0.400735 0.158088 0.027406 0.027406
0 0.368650 0.186163 0.027406 0.027406
0 0.341243 0.198864 0.027406 0.027406
0 0.291444 0.281417 0.029412 0.029412
0 0.374666 0.328543 0.030080 0.027406
0 0.407754 0.322193 0.029412 0.029412
0 0.405749 0.282086 0.029412 0.029412
0 0.526404 0.211230 0.030080 0.030749
0 0.493316 0.217914 0.029412 0.029412
0 0.463570 0.199866 0.028743 0.030749
0 0.431818 0.255348 0.029412 0.029412
0 0.316176 0.250668 0.029412 0.029412
0 0.346257 0.309492 0.028075 0.030749
0 0.373663 0.298128 0.029412 0.029412
0 0.346925 0.274398 0.028075 0.028743
0 0.408088 0.228610 0.028743 0.025401
0 0.383356 0.250334 0.026070 0.026070
0 0.519385 0.317179 0.030749 0.028743
0 0.258690 0.268382 0.029412 0.028743
0 0.464238 0.308489 0.023396 0.028743
0 0.435160 0.298797 0.029412 0.029412
0 0.459225 0.259358 0.022727 0.028075
0 0.563837 0.333222 0.024733 0.022059
0 0.602607 0.348930 0.030080 0.026738
0 0.580882 0.315174 0.030749 0.028743
0 0.615642 0.321190 0.030749 0.028743
0 0.594251 0.286765 0.030749 0.026738
0 0.616979 0.261698 0.030749 0.028743
0 0.621658 0.218249 0.030749 0.028743
0 0.588904 0.222259 0.030749 0.028743
0 0.559492 0.206885 0.030749 0.028743
0 0.582888 0.260361 0.030749 0.028743
0 0.401404 0.348262 0.027406 0.022727
0 0.494987 0.358623 0.020722 0.027406
0 0.469920 0.352273 0.029412 0.029412
0 0.440508 0.336564 0.030749 0.028743
0 0.522393 0.375668 0.028743 0.026738
0 0.538102 0.354278 0.029412 0.026738
0 0.554144 0.372660 0.024064 0.020722
0 0.574532 0.377340 0.015374 0.012701
0 0.587233 0.366979 0.020722 0.020053
0 0.559492 0.281417 0.026738 0.028075
0 0.519385 0.248329 0.030749 0.028743
0 0.548128 0.236965 0.030749 0.028743
0 0.542112 0.296791 0.021390 0.024064
0 0.528409 0.271056 0.024733 0.020722
0 0.638035 0.297460 0.023396 0.024064
0 0.787767 0.300468 0.016711 0.028743
0 0.729612 0.374332 0.028743 0.028075
0 0.721591 0.317848 0.030080 0.028743
0 0.688503 0.353944 0.026738 0.027406
0 0.659425 0.361965 0.030080 0.027406
0 0.763369 0.300468 0.029412 0.028743
0 0.717914 0.286096 0.028075 0.028075
0 0.689171 0.298128 0.028075 0.028075
0 0.659759 0.324866 0.028075 0.028075
0 0.715575 0.345588 0.026070 0.025401
0 0.677473 0.402741 0.016711 0.022059
0 0.733957 0.411765 0.021390 0.020053
0 0.654746 0.405080 0.028743 0.028075
0 0.765374 0.381016 0.028075 0.024064
0 0.779078 0.355281 0.026070 0.027406
0 0.776070 0.327206 0.028075 0.024733
0 0.752005 0.349933 0.026738 0.026070
0 0.698529 0.375334 0.022727 0.022059
0 0.665775 0.441176 0.022727 0.020053
0 0.696190 0.448529 0.023396 0.020053
0 0.716912 0.430816 0.019385 0.022059
0 0.741310 0.451872 0.018717 0.020053
0 0.620989 0.408422 0.022727 0.018717
0 0.633021 0.430816 0.020053 0.018048
0 0.652072 0.465575 0.022059 0.022059
0 0.674131 0.458222 0.016711 0.010027
0 0.711230 0.474599 0.020053 0.018717
0 0.682152 0.473262 0.022059 0.017380
0 0.627005 0.473596 0.020053 0.020722
0 0.666778 0.496324 0.020722 0.018048
0 0.929144 0.256350 0.016043 0.015374
0 0.946524 0.265374 0.014706 0.016043
0 0.916444 0.290775 0.017380 0.017380
0 0.906417 0.307821 0.018717 0.015374
0 0.977273 0.359960 0.014706 0.014037
0 0.927139 0.348596 0.017380 0.016711
0 0.903409 0.354612 0.016711 0.015374
0 0.850936 0.364973 0.018717 0.017380
0 0.818516 0.347594 0.016711 0.017380
0 0.963235 0.332888 0.021390 0.017380
0 0.873329 0.324866 0.010027 0.017380
0 0.856618 0.343249 0.019385 0.018048
0 0.835896 0.330214 0.018048 0.017380
0 0.885027 0.347259 0.016043 0.018048
0 0.899733 0.329545 0.018717 0.018717
0 0.861297 0.319519 0.018048 0.017380
0 0.926471 0.326537 0.018717 0.018048
0 0.880682 0.303476 0.019385 0.018717
0 0.942513 0.291778 0.017380 0.019385
0 0.865307 0.357620 0.011364 0.010695
0 0.953209 0.345588 0.012032 0.012032
0 0.950535 0.356618 0.016043 0.010027
0 0.885695 0.371658 0.017380 0.016043
0 0.824532 0.377005 0.015374 0.014706
0 0.857955 0.382019 0.016711 0.014037
0 0.838904 0.377005 0.008021 0.014706
0 0.874332 0.386698 0.013369 0.015374
0 0.919118 0.370989 0.016043 0.013369
0 0.931818 0.372660 0.005348 0.012701
0 0.940508 0.369987 0.009358 0.012701
0 0.954545 0.369987 0.012032 0.012701
0 0.982286 0.375334 0.012701 0.014037
0 0.930481 0.388369 0.016043 0.013369
0 0.850936 0.396725 0.014706 0.012701
0 0.813503 0.392714 0.013369 0.014037
0 0.829880 0.400401 0.016711 0.014706
0 0.863971 0.395053 0.006016 0.005348
0 0.887366 0.405414 0.014037 0.012701
0 0.890709 0.382019 0.010027 0.003342
0 0.898396 0.390374 0.013369 0.012032
0 0.912433 0.387032 0.010695 0.012032
0 0.825201 0.421457 0.015374 0.014037
0 0.838235 0.416778 0.008021 0.011364
0 0.851270 0.408088 0.014037 0.007353
0 0.853610 0.419786 0.013369 0.010695
0 0.875668 0.419786 0.013369 0.013369
0 0.920120 0.416444 0.014037 0.012032
0 0.930481 0.400735 0.013369 0.010027
0 0.945856 0.397727 0.012032 0.010695
0 0.958890 0.384024 0.014037 0.012701
0 0.967580 0.401070 0.012701 0.012032
0 0.942848 0.419786 0.014037 0.013369
0 0.964238 0.420455 0.012701 0.013369
0 0.975267 0.415441 0.009358 0.012701
0 0.994652 0.421123 0.010695 0.013369
0 0.804813 0.407420 0.017380 0.015374
0 0.564840 0.410762 0.022727 0.020722
0 0.526070 0.498329 0.026738 0.022059
0 0.519051 0.466243 0.028743 0.030080
0 0.556150 0.504011 0.026738 0.021390
0 0.582219 0.493984 0.025401 0.024064
0 0.601939 0.471925 0.023396 0.021390
0 0.556484 0.478944 0.031417 0.026070
0 0.564171 0.441845 0.013369 0.022727
0 0.584893 0.440174 0.021390 0.020722
0 0.604947 0.427473 0.024064 0.022059
0 0.533422 0.435160 0.029412 0.028075
0 0.467246 0.449198 0.024064 0.022727
0 0.449198 0.462901 0.026738 0.020722
0 0.489305 0.482955 0.014706 0.024733
0 0.469586 0.503008 0.026070 0.024733
0 0.452206 0.520722 0.027406 0.022727
0 0.436163 0.494987 0.026070 0.020722
0 0.420455 0.519719 0.026738 0.020722
0 0.410094 0.488302 0.018048 0.024733
0 0.385027 0.482620 0.029412 0.022727
0 0.369318 0.501003 0.026070 0.019385
0 0.386029 0.538770 0.026070 0.024064
0 0.404412 0.564505 0.026738 0.022059
0 0.359626 0.522059 0.016043 0.024064
0 0.371324 0.567513 0.026070 0.021390
0 0.336898 0.569184 0.026738 0.020722
0 0.331217 0.525735 0.030080 0.023396
0 0.299799 0.512366 0.028743 0.023396
0 0.297460 0.598596 0.029412 0.023396
0 0.267380 0.577540 0.025401 0.024064
0 0.247995 0.548797 0.028075 0.025401
0 0.236297 0.571858 0.028743 0.023396
0 0.271390 0.503676 0.021390 0.027406
0 0.237634 0.502340 0.030080 0.023396
0 0.226604 0.513369 0.017380 0.016043
0 0.222259 0.526070 0.022059 0.020053
0 0.200535 0.572193 0.025401 0.021390
0 0.175134 0.550134 0.022727 0.022727
0 0.193182 0.518717 0.028075 0.024064
0 0.207888 0.489305 0.026738 0.022727
0 0.204880 0.500334 0.026070 0.011364
0 0.151404 0.531751 0.027406 0.022059
0 0.178142 0.486297 0.022059 0.020722
0 0.150067 0.467580 0.026070 0.024733
0 0.170455 0.420789 0.029412 0.024733
0 0.165441 0.436832 0.023396 0.014037
0 0.186163 0.466912 0.024733 0.018048
0 0.196190 0.444184 0.030080 0.026070
0 0.236631 0.431818 0.028075 0.024064
0 0.269051 0.441176 0.027406 0.025401
0 0.231952 0.449198 0.025401 0.009358
0 0.262032 0.459893 0.025401 0.009358
0 0.196190 0.372995 0.022059 0.024064
0 0.237299 0.355949 0.020053 0.027406
0 0.222259 0.393048 0.027406 0.024064
0 0.213904 0.410094 0.022727 0.016711
0 0.261698 0.381016 0.027406 0.028075
0 0.254679 0.399733 0.026738 0.016043
0 0.294118 0.396725 0.022727 0.026070
0 0.313168 0.424131 0.028743 0.024733
0 0.304144 0.446524 0.022727 0.020053
0 0.316845 0.481283 0.028075 0.022727
0 0.354947 0.462233 0.026738 0.023396
0 0.328543 0.392045 0.027406 0.026070
0 0.367313 0.378342 0.027406 0.025401
0 0.355615 0.401070 0.020053 0.020053
0 0.341243 0.423463 0.018048 0.023396
0 0.362968 0.440508 0.018717 0.018717
0 0.381350 0.427807 0.026070 0.026738
0 0.404412 0.438837 0.021390 0.024733
0 0.417781 0.410094 0.025401 0.022059
0 0.427807 0.367981 0.025401 0.026070
0 0.458556 0.380682 0.029412 0.023396