0 0.666778 0.522393 0.030080 0.024733
0 0.706885 0.520053 0.034091 0.029412
0 0.482955 0.368650 0.030080 0.024733
0 0.515040 0.368650 0.030080 0.024733
0 0.647727 0.552807 0.032086 0.029412
0 0.685160 0.551805 0.030749 0.028743
0 0.547126 0.368650 0.030080 0.024733
0 0.505348 0.572527 0.030749 0.031417
0 0.545455 0.574532 0.032086 0.030080
0 0.523061 0.543115 0.031417 0.031417
0 0.584893 0.572861 0.030749 0.029412
0 0.737634 0.414104 0.031417 0.034091
0 0.786430 0.412099 0.031417 0.031417
0 0.810495 0.377674 0.031417 0.033422
0 0.826203 0.413102 0.032086 0.033422
0 0.850267 0.379011 0.032086 0.033422
0 0.564171 0.542112 0.033422 0.029412
0 0.698195 0.414104 0.031417 0.031417
0 0.657754 0.415107 0.030749 0.029412
0 0.678810 0.378676 0.032754 0.031417
0 0.719920 0.378008 0.032086 0.030080
0 0.722928 0.549131 0.030080 0.024733
0 0.764706 0.548128 0.033422 0.030749
0 0.803142 0.548128 0.031417 0.025401
0 0.841243 0.547126 0.030080 0.024733
0 0.826537 0.516377 0.030080 0.024733
0 0.786430 0.517714 0.030080 0.024733
0 0.531417 0.341578 0.028075 0.024064
0 0.497660 0.340575 0.028743 0.024733
0 0.703209 0.217580 0.034759 0.035428
0 0.399733 0.793115 0.029412 0.023396
0 0.436163 0.794786 0.027406 0.024064
0 0.384024 0.819184 0.030080 0.022059
0 0.420455 0.820187 0.029412 0.022727
0 0.455882 0.821858 0.029412 0.022059
0 0.509693 0.793449 0.028743 0.024064
0 0.547460 0.794118 0.030749 0.021390
0 0.491644 0.819184 0.028743 0.020722
0 0.528075 0.819519 0.028075 0.021390
0 0.565174 0.819184 0.030080 0.022059
0 0.410762 0.902072 0.027406 0.023396
0 0.445521 0.902072 0.028743 0.020722
0 0.516043 0.894385 0.025401 0.020053
0 0.549799 0.894719 0.026070 0.020722
0 0.397059 0.925134 0.028075 0.020053
0 0.430816 0.926136 0.028743 0.020722
0 0.466578 0.923797 0.028075 0.020053
0 0.500000 0.919452 0.028075 0.020722
0 0.534091 0.917781 0.026738 0.021390
0 0.567848 0.917112 0.027406 0.020053
0 0.398061 0.675134 0.032754 0.026738
0 0.437500 0.676805 0.032754 0.026070
0 0.514372 0.674799 0.034091 0.026070
0 0.553142 0.676136 0.031417 0.026070
0 0.381016 0.704545 0.030749 0.025401
0 0.419452 0.703543 0.032754 0.024733
0 0.457888 0.701537 0.029412 0.022059
0 0.495989 0.703543 0.032086 0.024733
0 0.533422 0.702540 0.033422 0.025401
0 0.572527 0.704545 0.032754 0.026738
0 0.401738 0.545120 0.033422 0.027406
0 0.441845 0.543783 0.032086 0.026070
0 0.384358 0.573864 0.032086 0.027406
0 0.423463 0.575201 0.031417 0.028743
0 0.462567 0.575535 0.030749 0.028075
0 0.394385 0.343583 0.026738 0.025401
0 0.427139 0.342914 0.026738 0.025401
0 0.382353 0.372660 0.025401 0.024733
0 0.414104 0.371658 0.027406 0.024064
0 0.446524 0.370321 0.029412 0.024064
0 0.380348 0.215575 0.029412 0.027406
0 0.413436 0.214238 0.028743 0.027406
0 0.483289 0.213235 0.026738 0.026738
0 0.516711 0.212233 0.028075 0.027406
0 0.366644 0.246992 0.027406 0.027406
0 0.400067 0.245321 0.027406 0.026738
0 0.432152 0.243650 0.027406 0.026070
0 0.466578 0.243984 0.025401 0.026738
0 0.499666 0.244318 0.028743 0.026070
0 0.533088 0.242647 0.028743 0.026738
0 0.628008 0.208222 0.024733 0.027406
0 0.610628 0.239639 0.026070 0.026070
0 0.949866 0.374332 0.033422 0.028075
0 0.868650 0.412433 0.032754 0.028075
0 0.925468 0.409091 0.032754 0.028075
0 0.964572 0.408757 0.034759 0.031417
0 0.987968 0.373663 0.024064 0.028075
0 0.994987 0.408422 0.010027 0.028075
0 0.658088 0.850267 0.027406 0.020053
0 0.690508 0.850936 0.026738 0.020053
0 0.640709 0.872660 0.027406 0.019385
0 0.672460 0.872660 0.025401 0.019385
0 0.705548 0.871992 0.026070 0.018048
0 0.759693 0.851939 0.026070 0.019385
0 0.792112 0.849933 0.025401 0.019385
0 0.742313 0.873997 0.026070 0.020722
0 0.774064 0.872660 0.025401 0.020722
0 0.806818 0.872995 0.025401 0.021390
0 0.872660 0.852273 0.024733 0.021390
0 0.905080 0.851604 0.025401 0.021390
0 0.976270 0.851270 0.024733 0.020722
0 0.853275 0.874666 0.026070 0.020722
0 0.885027 0.873329 0.026738 0.022059
0 0.917781 0.873997 0.028075 0.020722
0 0.956885 0.876337 0.026070 0.021390
0 0.988636 0.875000 0.022727 0.022727
0 0.699532 0.752340 0.027406 0.023396
0 0.663770 0.750000 0.026738 0.022727
0 0.648730 0.776070 0.026070 0.022727
0 0.681484 0.776070 0.026070 0.021390
0 0.714906 0.775401 0.028743 0.020053
0 0.770053 0.750000 0.028075 0.022727
0 0.752340 0.773730 0.028743 0.020722
0 0.804144 0.749666 0.028075 0.022059
0 0.785428 0.774064 0.028075 0.021390
0 0.818182 0.774733 0.026738 0.022727
0 0.891377 0.752005 0.030080 0.025401
0 0.926136 0.752005 0.028743 0.022727
0 0.871324 0.778409 0.028743 0.020722
0 0.906083 0.777741 0.026070 0.022059
0 0.938503 0.776070 0.026738 0.021390
0 0.991310 0.752005 0.017380 0.025401
0 0.976604 0.779078 0.028075 0.023396
0 0.710561 0.642045 0.028075 0.024733
0 0.727607 0.668449 0.027406 0.026738
0 0.785094 0.639706 0.031417 0.026738
0 0.819853 0.639372 0.028743 0.024733
0 0.764372 0.667781 0.031417 0.024064
0 0.800134 0.666778 0.030749 0.024733
0 0.834559 0.666778 0.030080 0.026070
0 0.909425 0.638035 0.031417 0.026070
0 0.945187 0.637366 0.032086 0.026070
0 0.889037 0.665441 0.032086 0.026070
0 0.925134 0.666110 0.029412 0.027406
0 0.961564 0.664773 0.032754 0.026070
0 0.992981 0.667447 0.014037 0.026070
0 0.675134 0.642714 0.030749 0.024733
0 0.691511 0.669452 0.030080 0.023396
0 0.655749 0.670120 0.032086 0.024733
0 0.681150 0.257353 0.036096 0.037433
0 0.748663 0.216912 0.037433 0.034091
0 0.725267 0.257687 0.034759 0.038102
0 0.769385 0.254679 0.036096 0.038770
0 0.842246 0.216578 0.037433 0.038770
0 0.888369 0.217246 0.036096 0.036096
0 0.815842 0.256350 0.038102 0.039439
0 0.859960 0.257019 0.038102 0.038102
0 0.904078 0.257019 0.038102 0.036765
0 0.982955 0.213235 0.034091 0.037433
0 0.991644 0.256350 0.016711 0.036765
0 0.957553 0.254345 0.036765 0.035428
0 0.922460 0.511029 0.033422 0.028743
0 0.960561 0.510361 0.032086 0.027406
0 0.901070 0.542112 0.033422 0.030749
0 0.939171 0.542781 0.032086 0.032086
0 0.974933 0.542112 0.030080 0.029412