0 0.153125 0.265234 0.026562 0.022656
0 0.149609 0.320312 0.030469 0.021875
0 0.285938 0.295312 0.031250 0.026562
0 0.390625 0.269922 0.029687 0.025781
0 0.357812 0.269922 0.034375 0.024219
0 0.321094 0.269531 0.032813 0.025000
0 0.285547 0.270313 0.032031 0.025000
0 0.253516 0.295703 0.032031 0.024219
0 0.252344 0.269922 0.034375 0.025781
0 0.217578 0.295312 0.033594 0.023438
0 0.183203 0.294531 0.032031 0.023438
0 0.147656 0.293359 0.031250 0.025781
0 0.217188 0.268750 0.031250 0.021875
0 0.182422 0.267969 0.028906 0.023438
0 0.181250 0.321094 0.029687 0.025000
0 0.320703 0.373047 0.033594 0.022656
0 0.320703 0.348047 0.032031 0.024219
0 0.321484 0.323047 0.033594 0.022656
0 0.317969 0.296875 0.031250 0.026562
0 0.287109 0.373047 0.030469 0.024219
0 0.287109 0.348438 0.033594 0.026562
0 0.253906 0.372656 0.031250 0.021875
0 0.253516 0.346875 0.032031 0.023438
0 0.213281 0.372266 0.031250 0.022656
0 0.182031 0.372656 0.028125 0.021875
0 0.151953 0.369531 0.032031 0.021875
0 0.216016 0.346484 0.032031 0.022656
0 0.183984 0.345703 0.032031 0.024219
0 0.151562 0.345703 0.029687 0.022656
0 0.285938 0.322656 0.029687 0.025000
0 0.253906 0.321094 0.031250 0.025000
0 0.215625 0.321875 0.029687 0.025000
0 0.460938 0.324609 0.029687 0.022656
0 0.631250 0.375000 0.031250 0.021875
0 0.600781 0.348828 0.032813 0.024219
0 0.601953 0.322266 0.036719 0.022656
0 0.604688 0.296875 0.035937 0.023438
0 0.495312 0.297656 0.032813 0.023438
0 0.498437 0.271484 0.031250 0.024219
0 0.392578 0.296484 0.032031 0.024219
0 0.463672 0.271484 0.032031 0.024219
0 0.425781 0.269531 0.032813 0.025000
0 0.531250 0.297656 0.035937 0.025000
0 0.533984 0.271484 0.035156 0.025781
0 0.571875 0.269141 0.034375 0.024219
0 0.594141 0.375000 0.027344 0.021875
0 0.560937 0.375391 0.031250 0.022656
0 0.564063 0.347266 0.031250 0.021094
0 0.566016 0.323828 0.032031 0.024219
0 0.569531 0.297656 0.032813 0.023438
0 0.531250 0.323828 0.032813 0.025781
0 0.523828 0.374609 0.030469 0.024219
0 0.527734 0.348828 0.030469 0.024219
0 0.490625 0.373437 0.029687 0.023438
0 0.492578 0.348828 0.032031 0.022656
0 0.495703 0.322656 0.032031 0.025000
0 0.456250 0.374609 0.029687 0.022656
0 0.459375 0.348828 0.031250 0.024219
0 0.419531 0.376172 0.031250 0.022656
0 0.420703 0.351172 0.032031 0.024219
0 0.386719 0.376172 0.028125 0.022656
0 0.385937 0.351953 0.029687 0.024219
0 0.390625 0.323828 0.031250 0.022656
0 0.354687 0.373828 0.031250 0.024219
0 0.354297 0.348828 0.030469 0.024219
0 0.357031 0.323047 0.032813 0.024219
0 0.355469 0.296875 0.034375 0.025000
0 0.423828 0.324219 0.032031 0.023438
0 0.426172 0.296094 0.033594 0.025000
0 0.460547 0.298438 0.032031 0.025000
0 0.680078 0.295312 0.036719 0.028125
0 0.761719 0.267578 0.035937 0.024219
0 0.756641 0.295703 0.033594 0.024219
0 0.750391 0.323047 0.036719 0.024219
0 0.709766 0.350391 0.035156 0.024219
0 0.672266 0.350781 0.033594 0.021875
0 0.746875 0.351953 0.037500 0.027344
0 0.740625 0.378125 0.035937 0.023438
0 0.703906 0.377344 0.035937 0.023438
0 0.635156 0.349219 0.032813 0.021875
0 0.608203 0.269531 0.035156 0.028125
0 0.644531 0.267188 0.035937 0.025000
0 0.685547 0.264062 0.036719 0.028125
0 0.676172 0.322656 0.036719 0.028125
0 0.637109 0.321875 0.033594 0.025000
0 0.717578 0.294922 0.035156 0.028906
0 0.723828 0.265625 0.036719 0.028125
0 0.641797 0.296094 0.033594 0.023438
0 0.164453 0.504687 0.019531 0.018750
0 0.159375 0.535547 0.028125 0.021094
0 0.216016 0.521094 0.030469 0.021875
0 0.154297 0.559766 0.032031 0.019531
0 0.153516 0.579688 0.030469 0.020313
0 0.153516 0.600391 0.025781 0.019531
0 0.187891 0.561328 0.027344 0.017969
0 0.181250 0.602734 0.026562 0.019531
0 0.183984 0.581641 0.027344 0.019531
0 0.248047 0.565625 0.028906 0.018750
0 0.247656 0.585547 0.028125 0.019531
0 0.246484 0.607812 0.028906 0.020313
0 0.210156 0.604688 0.029687 0.018750
0 0.216406 0.585156 0.029687 0.018750
0 0.217969 0.563672 0.029687 0.021094
0 0.279297 0.525000 0.030469 0.020313
0 0.279687 0.545703 0.031250 0.019531
0 0.247656 0.523047 0.031250 0.019531
0 0.247266 0.544531 0.028906 0.020313
0 0.216016 0.543750 0.028906 0.020313
0 0.187109 0.519531 0.028906 0.018750
0 0.187109 0.539844 0.027344 0.023438
0 0.343750 0.564063 0.028125 0.017188
0 0.375000 0.546484 0.028125 0.017969
0 0.406250 0.550000 0.031250 0.018750
0 0.308984 0.568359 0.028906 0.017969
0 0.403906 0.570312 0.028125 0.020313
0 0.400000 0.611719 0.029687 0.018750
0 0.401562 0.590625 0.029687 0.020313
0 0.309766 0.588281 0.030469 0.017188
0 0.340625 0.589063 0.026562 0.018750
0 0.371094 0.590234 0.028125 0.019531
0 0.369922 0.611328 0.028906 0.019531
0 0.339062 0.609766 0.026562 0.019531
0 0.306641 0.608203 0.030469 0.019531
0 0.276562 0.606641 0.029687 0.019531
0 0.277734 0.586719 0.028906 0.018750
0 0.278125 0.566016 0.029687 0.019531
0 0.346484 0.521094 0.028906 0.020313
0 0.309766 0.527344 0.028906 0.021875
0 0.310156 0.548047 0.029687 0.019531
0 0.377344 0.521484 0.029687 0.021094
0 0.408984 0.525000 0.028906 0.023438
0 0.442969 0.523047 0.029687 0.021094
0 0.441406 0.545703 0.031250 0.021094
0 0.440234 0.567187 0.030469 0.020313
0 0.436328 0.588672 0.030469 0.019531
0 0.434766 0.611719 0.030469 0.018750
0 0.474609 0.525391 0.030469 0.021094
0 0.472266 0.547266 0.028906 0.021094
0 0.470313 0.569141 0.028125 0.019531
0 0.507031 0.527344 0.029687 0.023438
0 0.504297 0.550000 0.030469 0.023438
0 0.501563 0.572266 0.029687 0.019531
0 0.466406 0.591406 0.029687 0.018750
0 0.496094 0.614844 0.028125 0.018750
0 0.562500 0.619141 0.029687 0.019531
0 0.529297 0.618750 0.030469 0.018750
0 0.542578 0.527734 0.032031 0.019531
0 0.539453 0.550000 0.033594 0.020313
0 0.535937 0.573828 0.031250 0.019531
0 0.531250 0.596094 0.032813 0.020313
0 0.465234 0.612500 0.028906 0.018750
0 0.498437 0.594141 0.029687 0.019531
0 0.575781 0.530859 0.029687 0.021094
0 0.572266 0.553125 0.030469 0.020313
0 0.569141 0.575781 0.030469 0.023438
0 0.564453 0.597656 0.032031 0.020313
0 0.609375 0.533984 0.031250 0.021094
0 0.605859 0.555469 0.030469 0.020313
0 0.602344 0.578516 0.032813 0.021094
0 0.598047 0.599219 0.030469 0.020313
0 0.593750 0.621484 0.031250 0.019531
0 0.650000 0.525781 0.031250 0.020313
0 0.643359 0.550000 0.030469 0.023438
0 0.637109 0.574609 0.030469 0.021094
0 0.633203 0.595703 0.030469 0.021094
0 0.627344 0.618750 0.031250 0.018750
0 0.684766 0.532422 0.028906 0.022656
0 0.679297 0.552344 0.030469 0.020313
0 0.671875 0.579297 0.031250 0.021094
0 0.666406 0.599219 0.031250 0.020313
0 0.661719 0.623437 0.029687 0.021875
0 0.720313 0.537500 0.031250 0.021875
0 0.714844 0.560937 0.032813 0.020313
0 0.708984 0.581641 0.033594 0.021094
0 0.700781 0.602734 0.031250 0.019531
0 0.694922 0.625391 0.030469 0.021094
0 0.167969 0.706250 0.026562 0.015625
0 0.299219 0.777344 0.028125 0.017188
0 0.298047 0.795703 0.025781 0.014844
0 0.275000 0.719531 0.025000 0.015625
0 0.274219 0.739453 0.025000 0.017969
0 0.273047 0.757812 0.025781 0.017188
0 0.271875 0.775781 0.026562 0.015625
0 0.271094 0.792969 0.025000 0.015625
0 0.244922 0.790625 0.024219 0.015625
0 0.244531 0.773047 0.025000 0.014844
0 0.244922 0.755469 0.025781 0.017188
0 0.247656 0.733203 0.025000 0.016406
0 0.247656 0.715625 0.025000 0.017188
0 0.218359 0.776563 0.025781 0.015625
0 0.218750 0.761328 0.025000 0.014844
0 0.219141 0.746484 0.025781 0.013281
0 0.220312 0.730859 0.028125 0.017969
0 0.221484 0.711719 0.025781 0.017188
0 0.194531 0.707422 0.025000 0.016406
0 0.193750 0.725391 0.023438 0.017969
0 0.193750 0.742578 0.025000 0.014844
0 0.193359 0.758984 0.024219 0.013281
0 0.192578 0.774219 0.024219 0.014063
0 0.301953 0.722266 0.027344 0.014844
0 0.301563 0.739844 0.028125 0.018750
0 0.300391 0.759766 0.027344 0.016406
0 0.165625 0.724609 0.026562 0.014844
0 0.165234 0.740625 0.025781 0.014063
0 0.164453 0.758203 0.024219 0.014844
0 0.167578 0.773047 0.024219 0.013281
0 0.332031 0.721484 0.026562 0.016406
0 0.389844 0.721875 0.026562 0.017188
0 0.389453 0.741406 0.025781 0.017188
0 0.388281 0.759375 0.025000 0.017188
0 0.360938 0.783984 0.025000 0.014844
0 0.360547 0.767578 0.024219 0.014844
0 0.361328 0.755078 0.025781 0.008594
0 0.361328 0.741406 0.027344 0.015625
0 0.360938 0.722656 0.026562 0.017188
0 0.332031 0.739453 0.026562 0.014844
0 0.333203 0.755469 0.025781 0.010937
0 0.332422 0.767969 0.025781 0.010937
0 0.334375 0.782422 0.025000 0.014844
0 0.387500 0.776172 0.025000 0.013281
0 0.388281 0.791797 0.025000 0.013281
0 0.421875 0.726562 0.026562 0.015625
0 0.451172 0.725781 0.027344 0.017188
0 0.514453 0.732422 0.028906 0.016406
0 0.510938 0.750391 0.028125 0.017969
0 0.508203 0.768359 0.028906 0.016406
0 0.504687 0.785547 0.026562 0.016406
0 0.501953 0.801953 0.025781 0.013281
0 0.473438 0.797656 0.028125 0.012500
0 0.473047 0.781641 0.027344 0.016406
0 0.476562 0.764453 0.026562 0.016406
0 0.479297 0.746094 0.027344 0.015625
0 0.480469 0.729688 0.028125 0.017188
0 0.420703 0.742969 0.027344 0.014063
0 0.418359 0.761719 0.028906 0.015625
0 0.444141 0.795703 0.024219 0.014844
0 0.444922 0.778906 0.027344 0.015625
0 0.448047 0.760547 0.027344 0.016406
0 0.450781 0.742969 0.026562 0.014063
0 0.416406 0.777734 0.026562 0.013281
0 0.416406 0.793750 0.025000 0.014063
0 0.544922 0.735156 0.025781 0.017188
0 0.541406 0.753516 0.028125 0.014844
0 0.595703 0.791406 0.025781 0.018750
0 0.600000 0.773438 0.028125 0.017188
0 0.608984 0.757422 0.027344 0.016406
0 0.618750 0.741406 0.029687 0.017188
0 0.621484 0.809375 0.025781 0.014063
0 0.626563 0.793359 0.028125 0.017969
0 0.650781 0.742188 0.029687 0.015625
0 0.646094 0.761328 0.029687 0.016406
0 0.634766 0.777734 0.028906 0.014844
0 0.653906 0.812109 0.026562 0.016406
0 0.661719 0.796875 0.028125 0.015625
0 0.673047 0.783594 0.028906 0.017188
0 0.681641 0.746875 0.030469 0.017188
0 0.678906 0.765625 0.029687 0.017188
0 0.592969 0.807813 0.025000 0.015625
0 0.575000 0.740234 0.028125 0.017969
0 0.537891 0.771484 0.025781 0.014844
0 0.534766 0.788281 0.027344 0.015625
0 0.531641 0.804297 0.027344 0.014844
0 0.560156 0.805859 0.028125 0.011719
0 0.563672 0.792188 0.027344 0.017188
0 0.567187 0.773047 0.025000 0.017969
0 0.571875 0.756641 0.029687 0.014844