0 0.219141 0.087109 0.036719 0.017969
0 0.202734 0.227734 0.036719 0.017969
0 0.215625 0.174219 0.021875 0.035937
0 0.190234 0.171484 0.022656 0.038281
0 0.164453 0.184766 0.021094 0.039844
0 0.448437 0.111328 0.015625 0.033594
0 0.423828 0.108203 0.017969 0.032031
0 0.441797 0.164453 0.036719 0.017969
0 0.433984 0.142578 0.036719 0.017969
0 0.197266 0.203516 0.036719 0.017969
0 0.311719 0.132812 0.023438 0.020313
0 0.285547 0.158984 0.016406 0.016406
0 0.283203 0.130078 0.036719 0.017969
0 0.354297 0.111328 0.036719 0.017969
0 0.321484 0.102734 0.036719 0.017969
0 0.391016 0.123047 0.036719 0.017969
0 0.178516 0.110156 0.024219 0.029687
0 0.276172 0.101172 0.036719 0.017969
0 0.258203 0.092578 0.036719 0.017969
0 0.393359 0.105859 0.036719 0.017969
0 0.251172 0.173047 0.036719 0.017969
0 0.248047 0.149609 0.036719 0.017969
0 0.219141 0.114453 0.036719 0.017969
0 0.241797 0.126953 0.036719 0.017969
0 0.195703 0.136328 0.036719 0.017969
0 0.396875 0.090234 0.037500 0.013281
0 0.351953 0.079297 0.036719 0.017969
0 0.354297 0.062109 0.036719 0.017969
0 0.298047 0.076953 0.036719 0.017969
0 0.260547 0.062891 0.036719 0.017969
0 0.310156 0.851953 0.032813 0.019531
0 0.292187 0.826562 0.037500 0.020313
0 0.368750 0.916406 0.037500 0.020313
0 0.358594 0.938281 0.037500 0.020313
0 0.299219 0.989844 0.037500 0.020313
0 0.303906 0.966406 0.037500 0.020313
0 0.308594 0.938281 0.037500 0.020313
0 0.319531 0.919531 0.037500 0.020313
0 0.328906 0.898438 0.037500 0.020313
0 0.270313 0.924219 0.037500 0.020313
0 0.324219 0.806250 0.037500 0.020313
0 0.415625 0.853906 0.037500 0.020313
0 0.358594 0.858594 0.037500 0.020313
0 0.343750 0.878125 0.037500 0.020313
0 0.198828 0.929688 0.033594 0.035937
0 0.284375 0.899219 0.037500 0.020313
0 0.339844 0.830469 0.037500 0.020313
0 0.295312 0.873437 0.037500 0.020313
0 0.201172 0.889062 0.016406 0.039062
0 0.188281 0.985156 0.037500 0.020313
0 0.194531 0.960938 0.037500 0.020313
0 0.162891 0.928516 0.038281 0.032031
0 0.163281 0.899219 0.037500 0.020313
0 0.165625 0.872656 0.037500 0.020313
0 0.167187 0.850000 0.037500 0.020313
0 0.175781 0.800000 0.037500 0.020313
0 0.171094 0.825781 0.037500 0.020313
0 0.238281 0.953906 0.037500 0.020313
0 0.402344 0.875000 0.037500 0.020313
0 0.382031 0.816406 0.037500 0.020313
0 0.391406 0.838281 0.032813 0.021875
0 0.431250 0.812500 0.037500 0.020313
0 0.362500 0.803516 0.031250 0.022656
0 0.266016 0.802734 0.036719 0.027344
0 0.412891 0.912891 0.024219 0.019531
0 0.427344 0.982031 0.037500 0.020313
0 0.382031 0.982812 0.037500 0.020313
0 0.436719 0.959375 0.037500 0.020313
0 0.394531 0.960156 0.037500 0.020313
0 0.348438 0.961719 0.037500 0.020313
0 0.233594 0.826562 0.021875 0.040625
0 0.266016 0.852344 0.030469 0.015625
0 0.250781 0.867578 0.029687 0.027344
0 0.237500 0.894531 0.029687 0.032813
0 0.225781 0.919922 0.025000 0.035156
0 0.404297 0.936328 0.036719 0.021094
0 0.210156 0.811719 0.017188 0.035937
0 0.212500 0.854297 0.039062 0.025781
0 0.384375 0.896094 0.037500 0.020313
0 0.232813 0.983594 0.037500 0.018750
0 0.270313 0.958984 0.018750 0.044531
0 0.336719 0.985938 0.026562 0.028125
0 0.265625 0.994531 0.020313 0.010937
0 0.155078 0.966406 0.019531 0.040625
0 0.377344 0.997656 0.034375 0.004687
0 0.457031 0.992188 0.014063 0.015625
0 0.450781 0.941797 0.031250 0.014844
0 0.475781 0.978125 0.031250 0.017188
0 0.425391 0.892188 0.011719 0.014063
0 0.441797 0.831250 0.024219 0.018750
0 0.183984 0.777734 0.036719 0.017969
0 0.198437 0.756641 0.034375 0.019531
0 0.343750 0.758594 0.035937 0.014063
0 0.210938 0.722266 0.020313 0.028906
0 0.261719 0.705078 0.037500 0.014844
0 0.312891 0.708203 0.021094 0.038281
0 0.339844 0.724219 0.023438 0.035937
0 0.274609 0.759766 0.030469 0.033594
0 0.304688 0.744531 0.039062 0.015625
0 0.393359 0.710156 0.032031 0.015625
0 0.278906 0.722656 0.039062 0.017188
0 0.253125 0.767969 0.025000 0.021875
0 0.229297 0.783594 0.030469 0.026562
0 0.237109 0.736719 0.025781 0.031250
0 0.341406 0.783203 0.032813 0.014844
0 0.304688 0.778125 0.028125 0.037500
0 0.368359 0.735938 0.028906 0.028125
0 0.409766 0.732031 0.027344 0.023438
0 0.353906 0.699219 0.035937 0.015625
0 0.358203 0.678125 0.036719 0.018750
0 0.446875 0.714453 0.032813 0.019531
0 0.403125 0.686719 0.029687 0.018750
0 0.445703 0.690625 0.033594 0.017188
0 0.482812 0.676562 0.032813 0.020313
0 0.484766 0.697266 0.030469 0.016406
0 0.380469 0.765234 0.029687 0.027344
0 0.405859 0.775781 0.028906 0.026562
0 0.421484 0.791797 0.032031 0.019531
0 0.431250 0.742969 0.026562 0.025000
0 0.519531 0.719141 0.031250 0.016406
0 0.532422 0.762500 0.033594 0.014063
0 0.711328 0.861719 0.024219 0.026562
0 0.683594 0.876953 0.028125 0.017969
0 0.669531 0.903906 0.028125 0.021875
0 0.716016 0.893359 0.032031 0.013281
0 0.651953 0.949219 0.030469 0.015625
0 0.729297 0.908984 0.025781 0.017969
0 0.641797 0.925391 0.030469 0.017969
0 0.686328 0.917188 0.027344 0.021875
0 0.714063 0.962891 0.029687 0.027344
0 0.683203 0.967578 0.025781 0.022656
0 0.611719 0.939844 0.028125 0.020313
0 0.621484 0.966406 0.030469 0.017188
0 0.676953 0.991797 0.032031 0.016406
0 0.569141 0.971484 0.021094 0.030469
0 0.589844 0.962891 0.021875 0.030469
0 0.605859 0.988672 0.033594 0.013281
0 0.645703 0.976953 0.022656 0.032031
0 0.696875 0.935937 0.029687 0.025000
0 0.734766 0.931641 0.035156 0.016406
0 0.744922 0.952734 0.032031 0.014844
0 0.751953 0.975000 0.027344 0.020313
0 0.717187 0.991797 0.035937 0.016406
0 0.747266 0.993750 0.016406 0.012500
0 0.774609 0.995313 0.025781 0.009375
0 0.791016 0.983594 0.027344 0.025000
0 0.806250 0.965234 0.023438 0.021094
0 0.775781 0.955469 0.025000 0.018750
0 0.776563 0.931641 0.029687 0.016406
0 0.810937 0.942187 0.031250 0.021875
0 0.772266 0.911719 0.033594 0.017188
0 0.749609 0.854297 0.027344 0.021094
0 0.755469 0.876953 0.028125 0.013281
0 0.766016 0.893359 0.033594 0.010156
0 0.792578 0.861328 0.030469 0.017969
0 0.800391 0.879297 0.030469 0.010156
0 0.808203 0.898047 0.032031 0.013281
0 0.814844 0.919922 0.032813 0.016406
0 0.489453 0.958984 0.028906 0.019531
0 0.508594 0.947656 0.025000 0.012500
0 0.489844 0.996875 0.029687 0.006250
0 0.516016 0.986719 0.030469 0.020313
0 0.535547 0.969922 0.028906 0.022656
0 0.556250 0.992578 0.029687 0.014844
0 0.542969 0.943359 0.015625 0.025781
0 0.559766 0.929688 0.022656 0.028125
0 0.578516 0.916406 0.022656 0.026562
0 0.604688 0.910156 0.025000 0.025000
0 0.557813 0.895703 0.012500 0.010156
0 0.573828 0.882031 0.027344 0.023438
0 0.600391 0.874609 0.021094 0.024219
0 0.613281 0.857031 0.023438 0.026562
0 0.632031 0.900000 0.028125 0.017188
0 0.645703 0.880469 0.030469 0.020313
0 0.648047 0.857812 0.028906 0.021875
0 0.675000 0.848047 0.026562 0.025781
0 0.576562 0.847656 0.025000 0.021875
0 0.604688 0.824219 0.034375 0.012500
0 0.639844 0.833984 0.034375 0.011719
0 0.645312 0.808203 0.028125 0.017969
0 0.678516 0.823828 0.024219 0.025781
0 0.721484 0.837891 0.017969 0.028906
0 0.501953 0.777734 0.014844 0.035156
0 0.532813 0.787109 0.029687 0.017969
0 0.537500 0.805469 0.029687 0.012500
0 0.571875 0.807031 0.029687 0.018750
0 0.573828 0.828125 0.005469 0.010937
0 0.569922 0.784766 0.030469 0.019531
0 0.534766 0.742188 0.030469 0.015625
0 0.562500 0.722266 0.034375 0.016406
0 0.593750 0.770703 0.029687 0.022656
0 0.608203 0.752734 0.030469 0.024219
0 0.570312 0.750000 0.029687 0.025000
0 0.630469 0.781250 0.026562 0.018750
0 0.608984 0.798828 0.032031 0.016406
0 0.472266 0.799609 0.036719 0.019531
0 0.478906 0.729688 0.031250 0.026562
0 0.491406 0.745313 0.028125 0.026562
0 0.449609 0.757422 0.033594 0.021094
0 0.463281 0.777734 0.032813 0.021094
0 0.516406 0.687500 0.017188 0.032813
0 0.546094 0.693359 0.029687 0.024219
0 0.659375 0.707812 0.017188 0.020313
0 0.673828 0.677344 0.017969 0.018750
0 0.648047 0.766797 0.028906 0.016406
0 0.642969 0.738281 0.023438 0.026562
0 0.670703 0.741797 0.024219 0.019531
0 0.668750 0.787109 0.029687 0.011719
0 0.683594 0.762500 0.028125 0.017188
0 0.702734 0.745703 0.027344 0.017969
0 0.689844 0.807031 0.026562 0.021875
0 0.709766 0.795312 0.025781 0.025000
0 0.717969 0.773828 0.026562 0.024219
0 0.682031 0.708984 0.018750 0.028906
0 0.701172 0.697656 0.019531 0.031250
0 0.724609 0.733984 0.030469 0.017969
0 0.691797 0.660547 0.019531 0.022656
0 0.709375 0.634766 0.031250 0.021094
0 0.719531 0.664062 0.017188 0.028125
0 0.731250 0.705078 0.023438 0.032031
0 0.471484 0.603516 0.032031 0.014844
0 0.480078 0.628906 0.032031 0.018750
0 0.505078 0.613672 0.019531 0.033594
0 0.530859 0.617188 0.016406 0.032813
0 0.437109 0.623047 0.032031 0.019531
0 0.426563 0.644141 0.029687 0.021094
0 0.417187 0.666406 0.028125 0.021875
0 0.453906 0.657031 0.025000 0.034375
0 0.491797 0.653516 0.030469 0.019531
0 0.522656 0.649609 0.017188 0.022656
0 0.319531 0.651563 0.034375 0.017188
0 0.361719 0.640625 0.012500 0.034375
0 0.395313 0.619531 0.032813 0.012500
0 0.259766 0.634375 0.032031 0.021875
0 0.328516 0.627734 0.030469 0.021094
0 0.340625 0.606250 0.031250 0.020313
0 0.339844 0.580859 0.031250 0.019531
0 0.350391 0.558594 0.033594 0.020313
0 0.383594 0.595703 0.034375 0.014844
0 0.427344 0.598047 0.031250 0.019531
0 0.294141 0.621875 0.016406 0.034375
0 0.211719 0.649609 0.018750 0.033594
0 0.232813 0.661328 0.015625 0.033594
0 0.252734 0.672266 0.016406 0.033594
0 0.282031 0.666016 0.017188 0.038281
0 0.262500 0.611719 0.034375 0.020313
0 0.271484 0.587500 0.038281 0.018750
0 0.298438 0.578516 0.028125 0.027344
0 0.308203 0.553125 0.028906 0.025000
0 0.297266 0.516406 0.028906 0.026562
0 0.270703 0.534375 0.035156 0.018750
0 0.330469 0.528125 0.021875 0.032813
0 0.362891 0.533203 0.033594 0.017969
0 0.391797 0.550781 0.036719 0.014063
0 0.397656 0.571094 0.037500 0.014063
0 0.440625 0.578125 0.032813 0.021875
0 0.433203 0.552344 0.032031 0.020313
0 0.470313 0.571484 0.018750 0.033594
0 0.493750 0.572266 0.020313 0.035156
0 0.519531 0.575781 0.026562 0.031250
0 0.551953 0.586328 0.021094 0.016406
0 0.549219 0.613281 0.014063 0.015625
0 0.738281 0.825000 0.018750 0.026562
0 0.747266 0.801562 0.019531 0.025000
0 0.764453 0.790625 0.019531 0.023438
0 0.771094 0.823047 0.026562 0.019531
0 0.785937 0.839844 0.031250 0.020313
0 0.736328 0.760547 0.021094 0.021094
0 0.760938 0.748828 0.021875 0.025781
0 0.781250 0.741406 0.018750 0.026562
0 0.798828 0.731250 0.021094 0.026562
0 0.820312 0.722266 0.023438 0.027344
0 0.756250 0.710156 0.018750 0.031250
0 0.775781 0.700000 0.020313 0.029687
0 0.793750 0.689063 0.017188 0.028125
0 0.815625 0.683203 0.021875 0.027344
0 0.842969 0.684375 0.026562 0.017188
0 0.844531 0.709766 0.028125 0.021094
0 0.743750 0.668750 0.017188 0.026562
0 0.763672 0.660156 0.019531 0.029687
0 0.780859 0.647266 0.017969 0.027344
0 0.812109 0.649219 0.024219 0.020313
0 0.847266 0.659375 0.025781 0.029687
0 0.743359 0.627734 0.013281 0.032031
0 0.761328 0.608594 0.016406 0.028125
0 0.783594 0.609766 0.015625 0.028906
0 0.808594 0.600391 0.025000 0.022656
0 0.835156 0.593359 0.023438 0.016406
0 0.815234 0.628906 0.024219 0.015625
0 0.843750 0.623437 0.020313 0.026562
0 0.717578 0.610938 0.028906 0.020313
0 0.841797 0.541797 0.013281 0.030469
0 0.835156 0.570703 0.028125 0.019531
0 0.837500 0.501953 0.012500 0.032031
0 0.813281 0.502344 0.028125 0.020313
0 0.820703 0.538281 0.016406 0.031250
0 0.782422 0.499609 0.021094 0.022656
0 0.775781 0.522656 0.023438 0.025000
0 0.801172 0.530469 0.010156 0.029687
0 0.807422 0.571484 0.019531 0.028906
0 0.785547 0.569922 0.017969 0.027344
0 0.762109 0.573047 0.022656 0.027344
0 0.737891 0.577344 0.017969 0.032813
0 0.690234 0.591797 0.028906 0.022656
0 0.680078 0.610938 0.022656 0.021875
0 0.706250 0.578516 0.025000 0.022656
0 0.713672 0.551562 0.021094 0.029687
0 0.733203 0.539062 0.021094 0.028125
0 0.756250 0.533984 0.021875 0.025781
0 0.159766 0.537891 0.014844 0.033594
0 0.192969 0.543750 0.032813 0.020313
0 0.170703 0.570312 0.033594 0.021875
0 0.180469 0.597266 0.039062 0.014844
0 0.185547 0.629687 0.022656 0.032813
0 0.216797 0.618750 0.033594 0.015625
0 0.213281 0.567969 0.042188 0.018750
0 0.226562 0.590234 0.037500 0.017969
0 0.260156 0.563281 0.039062 0.015625
0 0.233984 0.536328 0.021094 0.033594
0 0.214453 0.476562 0.030469 0.021875
0 0.175391 0.510156 0.032031 0.025000
0 0.184375 0.486719 0.029687 0.023438
0 0.208203 0.513281 0.019531 0.037500
0 0.247266 0.507812 0.027344 0.023438
0 0.258984 0.489453 0.028906 0.021094
0 0.191016 0.448047 0.024219 0.033594
0 0.226172 0.456250 0.033594 0.020313
0 0.277344 0.471094 0.023438 0.026562
0 0.300781 0.460156 0.021875 0.029687
0 0.315625 0.494922 0.034375 0.017969
0 0.368750 0.507812 0.031250 0.017188
0 0.408203 0.526172 0.033594 0.016406
0 0.410547 0.504687 0.030469 0.018750
0 0.385156 0.483984 0.034375 0.019531
0 0.335547 0.452344 0.030469 0.017188
0 0.341797 0.478516 0.027344 0.021094
0 0.378125 0.460938 0.034375 0.020313
0 0.420312 0.461719 0.034375 0.017188
0 0.427734 0.484375 0.035156 0.017188
0 0.458203 0.477734 0.024219 0.027344
0 0.456250 0.513281 0.034375 0.023438
0 0.450391 0.533203 0.032031 0.022656
0 0.492969 0.537891 0.032813 0.017969
0 0.530469 0.548438 0.023438 0.028125
0 0.555469 0.555078 0.018750 0.033594
0 0.486328 0.510156 0.021094 0.025000
0 0.513281 0.509375 0.018750 0.034375
0 0.538672 0.516016 0.019531 0.032031
0 0.561719 0.517578 0.020313 0.030469
0 0.586328 0.510938 0.022656 0.025000
0 0.555078 0.485547 0.033594 0.019531
0 0.585156 0.542188 0.023438 0.025000
0 0.587891 0.579688 0.017969 0.009375
0 0.602344 0.570703 0.023438 0.022656
0 0.619141 0.554297 0.025781 0.021094
0 0.621875 0.531250 0.028125 0.021875
0 0.605859 0.498047 0.027344 0.021094
0 0.619531 0.479297 0.025000 0.022656
0 0.618750 0.445312 0.025000 0.021875
0 0.641016 0.455078 0.028906 0.017969
0 0.643359 0.506641 0.019531 0.035156
0 0.675781 0.498437 0.023438 0.025000
0 0.679688 0.545703 0.021875 0.027344
0 0.656250 0.524219 0.018750 0.031250
0 0.656641 0.560156 0.030469 0.020313
0 0.654297 0.579297 0.032031 0.017969
0 0.637891 0.594141 0.028906 0.021094
0 0.669141 0.623047 0.021094 0.021094
0 0.661719 0.471875 0.032813 0.023438
0 0.671484 0.442188 0.011719 0.018750
0 0.692187 0.447266 0.018750 0.033594
0 0.698828 0.476562 0.033594 0.015625
0 0.710547 0.494531 0.032031 0.021875
0 0.703906 0.522266 0.034375 0.021094
0 0.743750 0.506250 0.029687 0.018750
0 0.721094 0.451953 0.031250 0.019531
0 0.739062 0.467969 0.025000 0.026562
0 0.759375 0.478906 0.028125 0.026562
0 0.814844 0.475000 0.020313 0.031250
0 0.790234 0.470313 0.014844 0.032813
0 0.833203 0.462109 0.011719 0.036719
0 0.824609 0.422266 0.027344 0.024219
0 0.539844 0.458594 0.031250 0.020313
0 0.580078 0.466797 0.036719 0.022656
0 0.485156 0.477344 0.026562 0.025000
0 0.809375 0.437500 0.021875 0.026562
0 0.764844 0.402344 0.028125 0.020313
0 0.798828 0.405859 0.022656 0.028906
0 0.742578 0.423438 0.025781 0.025000
0 0.761328 0.435547 0.021094 0.027344
0 0.780078 0.444922 0.017969 0.027344
0 0.719531 0.423438 0.015625 0.034375
0 0.579297 0.442578 0.033594 0.019531
0 0.592578 0.424219 0.030469 0.018750
0 0.156641 0.151172 0.025781 0.032031
0 0.138672 0.188281 0.021094 0.040625
0 0.141016 0.238281 0.017969 0.035937
0 0.164062 0.229297 0.020313 0.036719
0 0.137500 0.280859 0.020313 0.036719
0 0.161719 0.276172 0.021875 0.039844
0 0.184375 0.269531 0.020313 0.048438
0 0.212109 0.261328 0.021094 0.036719
0 0.234375 0.248828 0.020313 0.038281
0 0.159375 0.325000 0.028125 0.032813
0 0.186719 0.318359 0.021875 0.033594
0 0.207813 0.307422 0.023438 0.030469
0 0.197656 0.358203 0.037500 0.019531
0 0.232813 0.353516 0.026562 0.035156
0 0.251563 0.329297 0.026562 0.032031
0 0.270313 0.357422 0.034375 0.025781
0 0.328516 0.311328 0.028906 0.025781
0 0.269922 0.295703 0.035156 0.025781
0 0.240625 0.285156 0.039062 0.023438
0 0.259375 0.247266 0.021875 0.033594
0 0.236719 0.208594 0.025000 0.032813
0 0.276172 0.219531 0.033594 0.020313
0 0.264844 0.197266 0.014063 0.011719
0 0.223047 0.428125 0.032031 0.023438
0 0.244531 0.413672 0.028125 0.027344
0 0.265234 0.442969 0.036719 0.025000
0 0.264844 0.405078 0.025000 0.028906
0 0.301172 0.428125 0.033594 0.023438
0 0.365234 0.303906 0.035156 0.018750
0 0.370703 0.325781 0.033594 0.017188
0 0.375000 0.349609 0.034375 0.016406
0 0.287500 0.322266 0.029687 0.024219
0 0.314063 0.339453 0.039062 0.022656
0 0.335156 0.366406 0.039062 0.012500
0 0.307812 0.380078 0.032813 0.027344
0 0.285938 0.390625 0.029687 0.026562
0 0.410547 0.440234 0.038281 0.014844
0 0.365234 0.435547 0.036719 0.019531
0 0.386328 0.392969 0.036719 0.018750
0 0.364844 0.413672 0.037500 0.021094
0 0.407422 0.417969 0.035156 0.017188
0 0.394531 0.373047 0.034375 0.017969
0 0.325000 0.416016 0.029687 0.024219
0 0.345703 0.389453 0.030469 0.021094
0 0.419922 0.347656 0.036719 0.018750
0 0.431250 0.396484 0.032813 0.017969
0 0.451562 0.419531 0.035937 0.014063
0 0.452344 0.444531 0.034375 0.018750
0 0.485547 0.441797 0.016406 0.032031
0 0.475391 0.398438 0.027344 0.026562
0 0.505078 0.432812 0.019531 0.032813
0 0.512109 0.473047 0.027344 0.030469
0 0.530078 0.408984 0.032031 0.022656
0 0.539062 0.435937 0.032813 0.023438
0 0.438672 0.373047 0.036719 0.022656
0 0.458203 0.355078 0.028906 0.027344
0 0.492969 0.382422 0.028125 0.028906
0 0.535547 0.384766 0.033594 0.024219
0 0.563281 0.407813 0.015625 0.037500
0 0.487500 0.344922 0.034375 0.014844
0 0.530078 0.338281 0.032031 0.012500
0 0.514062 0.362109 0.029687 0.021094
0 0.553125 0.371484 0.031250 0.024219
0 0.564844 0.354687 0.029687 0.023438
0 0.581641 0.329688 0.030469 0.021875
0 0.586719 0.389062 0.020313 0.034375
0 0.603906 0.367969 0.023438 0.028125
0 0.633203 0.369922 0.027344 0.024219
0 0.657031 0.385937 0.012500 0.032813
0 0.617578 0.398438 0.027344 0.028125
0 0.633203 0.412500 0.027344 0.029687
0 0.652344 0.426172 0.021875 0.027344
0 0.406250 0.319922 0.031250 0.025781
0 0.434375 0.319531 0.023438 0.032813
0 0.473047 0.321094 0.035156 0.015625
0 0.404687 0.291797 0.034375 0.014844
0 0.459375 0.295703 0.034375 0.019531
0 0.496875 0.300391 0.025000 0.030469
0 0.618750 0.303906 0.032813 0.017188
0 0.618750 0.341016 0.031250 0.017969
0 0.657813 0.327734 0.031250 0.014844
0 0.654687 0.352344 0.026562 0.014063
0 0.764062 0.356250 0.026562 0.018750
0 0.746875 0.374219 0.021875 0.017188
0 0.738281 0.398828 0.017188 0.019531
0 0.782422 0.385937 0.027344 0.017188
0 0.792578 0.366797 0.022656 0.016406
0 0.516016 0.323047 0.014844 0.013281
0 0.558203 0.293359 0.033594 0.025781
0 0.512109 0.266797 0.036719 0.019531
0 0.464453 0.270313 0.032031 0.023438
0 0.423047 0.266797 0.028906 0.025781
0 0.386719 0.264453 0.037500 0.017969
0 0.345313 0.284766 0.037500 0.017969
0 0.662891 0.219531 0.024219 0.029687
0 0.777734 0.266797 0.017969 0.028906
0 0.794531 0.307422 0.014063 0.025781
0 0.801172 0.345313 0.014844 0.029687
0 0.773438 0.344531 0.028125 0.014063
0 0.776953 0.323437 0.028906 0.017188
0 0.768359 0.303906 0.030469 0.017188
0 0.740234 0.311328 0.024219 0.014844
0 0.746484 0.332813 0.022656 0.014063
0 0.740625 0.348828 0.009375 0.014844
0 0.619922 0.323047 0.028906 0.011719
0 0.556641 0.257812 0.035156 0.023438
0 0.512109 0.235937 0.035156 0.021875
0 0.564063 0.236328 0.037500 0.021094
0 0.473047 0.224609 0.033594 0.017969
0 0.473047 0.251953 0.033594 0.013281
0 0.429297 0.240234 0.033594 0.024219
0 0.531641 0.202344 0.033594 0.020313
0 0.600391 0.228516 0.025781 0.022656
0 0.598047 0.268750 0.030469 0.029687
0 0.629297 0.241406 0.039844 0.023438
0 0.639844 0.277344 0.032813 0.015625
0 0.548828 0.179297 0.013281 0.028906
0 0.483203 0.177734 0.032031 0.019531
0 0.483203 0.202344 0.033594 0.021875
0 0.451953 0.193750 0.017969 0.015625
0 0.437109 0.205859 0.016406 0.016406
0 0.390625 0.245703 0.021875 0.010156
0 0.404297 0.222656 0.008594 0.010937
0 0.639844 0.197656 0.029687 0.018750
0 0.575391 0.180078 0.014844 0.035156
0 0.568750 0.214844 0.025000 0.017188
0 0.689063 0.277344 0.018750 0.021875
0 0.714063 0.205469 0.029687 0.018750
0 0.489063 0.149609 0.014063 0.033594
0 0.465625 0.141406 0.018750 0.034375
0 0.474219 0.107031 0.023438 0.018750
0 0.516016 0.112891 0.027344 0.030469
0 0.517969 0.147656 0.026562 0.023438
0 0.520703 0.173047 0.036719 0.019531
0 0.730859 0.253906 0.022656 0.029687
0 0.744141 0.268359 0.016406 0.028906
0 0.792578 0.277734 0.019531 0.022656
0 0.575781 0.143750 0.026562 0.031250
0 0.651563 0.154688 0.028125 0.025000
0 0.607422 0.170313 0.025781 0.028125
0 0.593750 0.200781 0.014063 0.034375
0 0.619531 0.216797 0.023438 0.021094
0 0.627344 0.240625 0.035937 0.018750
0 0.750000 0.207813 0.028125 0.017188
0 0.796094 0.213672 0.015625 0.017969
0 0.820703 0.202734 0.027344 0.021094
0 0.672656 0.264844 0.025000 0.023438
0 0.704688 0.274219 0.017188 0.021875
0 0.530078 0.064062 0.017969 0.029687
0 0.586719 0.074219 0.031250 0.025000
0 0.564844 0.115234 0.025000 0.019531
0 0.554688 0.070703 0.025000 0.030469
0 0.592187 0.042578 0.031250 0.017969
0 0.628516 0.032422 0.017969 0.035156
0 0.626563 0.089063 0.031250 0.026562
0 0.603125 0.109375 0.031250 0.025000
0 0.603516 0.142187 0.022656 0.020313
0 0.641797 0.116406 0.027344 0.029687
0 0.673828 0.130859 0.028906 0.024219
0 0.695312 0.168750 0.029687 0.025000
0 0.679688 0.106641 0.032813 0.019531
0 0.648047 0.071094 0.017969 0.031250
0 0.692187 0.071094 0.034375 0.018750
0 0.708203 0.129688 0.017969 0.034375
0 0.730078 0.122266 0.017969 0.033594
0 0.737500 0.171484 0.012500 0.014844
0 0.725781 0.157812 0.023438 0.018750
0 0.717187 0.092578 0.026562 0.025781
0 0.672266 0.055469 0.027344 0.017188
0 0.576172 0.025391 0.036719 0.017969
0 0.558984 0.008984 0.027344 0.016406
0 0.690234 0.035937 0.035156 0.018750
0 0.848047 0.130469 0.014844 0.032813
0 0.848437 0.174219 0.015625 0.032813
0 0.816016 0.168750 0.008594 0.017188
0 0.805078 0.185547 0.010156 0.007031
0 0.723437 0.032813 0.021875 0.025000
0 0.714063 0.058203 0.015625 0.021094
0 0.737500 0.056641 0.017188 0.033594
0 0.760547 0.022656 0.030469 0.021875
0 0.768750 0.044531 0.023438 0.028125
0 0.800391 0.037500 0.025781 0.020313
0 0.808594 0.065625 0.015625 0.032813
0 0.805859 0.101172 0.011719 0.014844
0 0.830469 0.075781 0.017188 0.035937
0 0.853906 0.083594 0.017188 0.037500
0 0.834766 0.019922 0.030469 0.022656
0 0.837891 0.044531 0.028906 0.023438
0 0.782813 0.065234 0.021875 0.030469
0 0.830078 0.111719 0.016406 0.017188
0 0.617969 0.011719 0.029687 0.021875
0 0.646875 0.011328 0.009375 0.021094
0 0.673828 0.009766 0.021094 0.017969
0 0.700781 0.017969 0.026562 0.018750
0 0.735938 0.008594 0.032813 0.012500
0 0.796094 0.010937 0.029687 0.020313
0 0.877344 0.010937 0.023438 0.018750
0 0.885938 0.033984 0.023438 0.022656
0 0.907813 0.020313 0.023438 0.018750
0 0.934375 0.036719 0.021875 0.020313
0 0.958984 0.022266 0.019531 0.022656
0 0.914844 0.046094 0.023438 0.021875
0 0.886719 0.064062 0.023438 0.023438
0 0.913281 0.079297 0.025000 0.024219
0 0.933203 0.067578 0.022656 0.024219
0 0.957812 0.053125 0.021875 0.025000
0 0.884375 0.094141 0.021875 0.021094
0 0.894922 0.119141 0.022656 0.025781
0 0.913672 0.110547 0.016406 0.021094
0 0.950000 0.092578 0.021875 0.022656
0 0.939063 0.114062 0.025000 0.021875
0 0.925000 0.137891 0.025000 0.024219
0 0.891016 0.152734 0.025781 0.021094
0 0.916406 0.166016 0.021875 0.021094
0 0.960938 0.131250 0.017188 0.021875
0 0.948047 0.158203 0.022656 0.022656
0 0.961328 0.183594 0.019531 0.023438
0 0.937891 0.186719 0.022656 0.021875
0 0.894141 0.181641 0.024219 0.024219
0 0.917578 0.196875 0.019531 0.020313
0 0.903125 0.217578 0.023438 0.024219
0 0.933203 0.220703 0.024219 0.024219
0 0.955469 0.209766 0.021875 0.024219
0 0.917578 0.243750 0.021094 0.025000
0 0.941406 0.251563 0.018750 0.025000
0 0.964844 0.236719 0.025000 0.026562
0 0.917969 0.312109 0.017188 0.022656
0 0.900391 0.330469 0.013281 0.026562
0 0.941797 0.281641 0.014844 0.010156
0 0.964063 0.292187 0.018750 0.023438
0 0.969141 0.262109 0.019531 0.019531
0 0.979688 0.207422 0.020313 0.022656
0 0.978125 0.156641 0.018750 0.022656
0 0.988281 0.236328 0.021875 0.024219
0 0.994141 0.170703 0.011719 0.025781
0 0.978125 0.107031 0.020313 0.021875
0 0.990625 0.132031 0.018750 0.025000
0 0.981250 0.073047 0.023438 0.022656
0 0.992969 0.096094 0.014063 0.023438
0 0.982031 0.041016 0.021875 0.022656
0 0.981641 0.015625 0.022656 0.021875
0 0.996094 0.062500 0.007812 0.025000
0 0.961328 0.914844 0.017969 0.032813
0 0.983984 0.862891 0.027344 0.016406
0 0.966797 0.885938 0.028906 0.015625
0 0.985938 0.903125 0.026562 0.023438
0 0.996094 0.923438 0.007812 0.014063
0 0.946484 0.821875 0.017969 0.029687
0 0.942969 0.785547 0.017188 0.027344
0 0.963281 0.778125 0.017188 0.026562
0 0.971094 0.805859 0.025000 0.019531
0 0.977734 0.823828 0.028906 0.021094
0 0.991797 0.842969 0.016406 0.021875
0 0.979688 0.935156 0.029687 0.020313
0 0.989453 0.956250 0.021094 0.018750
0 0.957812 0.974609 0.015625 0.032031
0 0.989844 0.982812 0.020313 0.014063
0 0.963672 0.996875 0.027344 0.006250
0 0.993359 0.792188 0.013281 0.014063
0 0.996484 0.810937 0.007031 0.010937
0 0.943359 0.748828 0.019531 0.028906
0 0.954297 0.733203 0.019531 0.024219
0 0.965234 0.716406 0.017969 0.028125
0 0.975000 0.764844 0.017188 0.028125
0 0.994531 0.767188 0.010937 0.017188
0 0.920312 0.527734 0.014063 0.030469
0 0.923047 0.559375 0.021094 0.028125
0 0.945703 0.571875 0.021094 0.026562
0 0.954297 0.598828 0.019531 0.025781
0 0.932813 0.608984 0.020313 0.024219
0 0.954297 0.537891 0.030469 0.016406
0 0.982422 0.576172 0.021094 0.024219
0 0.981641 0.542969 0.013281 0.032813
0 0.995703 0.550781 0.008594 0.028125
0 0.938281 0.629687 0.021875 0.021875
0 0.975000 0.623047 0.018750 0.021094
0 0.959375 0.650000 0.021875 0.026562
0 0.932422 0.683984 0.016406 0.028906
0 0.950781 0.682422 0.015625 0.032031
0 0.987891 0.643359 0.016406 0.013281
0 0.977734 0.675000 0.024219 0.025000
0 0.988281 0.708203 0.021875 0.024219
0 0.992578 0.739453 0.014844 0.027344
0 0.932031 0.490234 0.012500 0.032031
0 0.954688 0.476172 0.025000 0.019531
0 0.956250 0.492969 0.028125 0.017188
0 0.953516 0.514062 0.025781 0.021875
0 0.975781 0.459375 0.028125 0.015625
0 0.989062 0.478906 0.021875 0.015625
0 0.991016 0.498437 0.017969 0.018750
0 0.987500 0.516797 0.025000 0.019531
0 0.898828 0.357031 0.025781 0.017188
0 0.904687 0.376953 0.025000 0.016406
0 0.903516 0.403906 0.011719 0.031250
0 0.925781 0.358203 0.020313 0.021094
0 0.932031 0.337891 0.020313 0.022656
0 0.934375 0.305469 0.017188 0.020313
0 0.953125 0.325000 0.018750 0.010937
0 0.962109 0.339844 0.017969 0.021875
0 0.974219 0.319922 0.015625 0.017969
0 0.956641 0.363672 0.021094 0.017969
0 0.932422 0.385937 0.011719 0.026562
0 0.929297 0.412500 0.022656 0.018750
0 0.922266 0.432812 0.022656 0.020313
0 0.955469 0.383594 0.018750 0.015625
0 0.952734 0.398047 0.022656 0.016406
0 0.957422 0.418750 0.022656 0.017188
0 0.953125 0.437500 0.021875 0.017188
0 0.983984 0.373828 0.021094 0.016406
0 0.980078 0.391016 0.021094 0.014844
0 0.980078 0.408984 0.021094 0.014844
0 0.979297 0.435156 0.013281 0.028125
0 0.996484 0.445312 0.007031 0.012500
0 0.998047 0.406641 0.003906 0.011719
0 0.982422 0.343750 0.016406 0.021875
0 0.992188 0.358984 0.015625 0.011719
0 0.978906 0.279687 0.018750 0.020313
0 0.994531 0.262891 0.010937 0.014844
0 0.984766 0.300781 0.014844 0.015625
0 0.996484 0.285938 0.007031 0.014063
0 0.992578 0.314453 0.011719 0.010156
0 0.993750 0.329297 0.012500 0.011719
0 0.297266 0.249609 0.036719 0.025781
0 0.295703 0.276953 0.033594 0.024219
0 0.642578 0.314063 0.008594 0.009375