0 0.429688 0.592969 0.012500 0.012500
0 0.429688 0.608984 0.012500 0.013281
0 0.414062 0.613281 0.012500 0.012500
0 0.428516 0.637891 0.013281 0.013281
0 0.524219 0.634766 0.012500 0.013281
0 0.486328 0.580469 0.013281 0.012500
0 0.428906 0.623828 0.012500 0.013281
0 0.453906 0.669141 0.012500 0.011719
0 0.441797 0.646875 0.013281 0.014063
0 0.455078 0.655469 0.013281 0.012500
0 0.442188 0.630859 0.012500 0.013281
0 0.523438 0.650391 0.012500 0.013281
0 0.495312 0.663281 0.012500 0.012500
0 0.467969 0.663281 0.012500 0.012500
0 0.442969 0.616797 0.012500 0.013281
0 0.512500 0.612500 0.012500 0.012500
0 0.510938 0.627734 0.012500 0.013281
0 0.508594 0.657422 0.012500 0.013281
0 0.468750 0.649609 0.012500 0.013281
0 0.482031 0.657422 0.012500 0.013281
0 0.496094 0.649609 0.012500 0.013281
0 0.485547 0.596094 0.013281 0.012500
0 0.457813 0.594922 0.012500 0.013281
0 0.457031 0.609766 0.012500 0.013281
0 0.456641 0.625000 0.013281 0.012500
0 0.455469 0.639844 0.012500 0.012500
0 0.510156 0.642188 0.012500 0.012500
0 0.496484 0.634766 0.013281 0.013281
0 0.483594 0.626953 0.012500 0.013281
0 0.482812 0.642188 0.012500 0.012500
0 0.469531 0.633984 0.012500 0.013281
0 0.484375 0.611328 0.012500 0.013281
0 0.498047 0.619141 0.013281 0.013281
0 0.470703 0.618359 0.013281 0.013281
0 0.471094 0.603125 0.012500 0.012500
0 0.378906 0.578125 0.012500 0.012500
0 0.453906 0.683984 0.012500 0.013281
0 0.426563 0.682813 0.012500 0.012500
0 0.410156 0.683984 0.012500 0.011719
0 0.384375 0.607031 0.012500 0.012500
0 0.394531 0.632422 0.014063 0.013281
0 0.398438 0.648047 0.012500 0.013281
0 0.508203 0.671875 0.014844 0.012500
0 0.407422 0.669141 0.013281 0.013281
0 0.412500 0.656250 0.012500 0.012500
0 0.430859 0.577734 0.013281 0.013281
0 0.444141 0.586328 0.013281 0.013281
0 0.443750 0.601953 0.012500 0.013281
0 0.440625 0.675781 0.012500 0.012500
0 0.441016 0.661328 0.013281 0.013281
0 0.426563 0.666797 0.012500 0.013281
0 0.427734 0.653125 0.013281 0.012500
0 0.412891 0.641016 0.013281 0.011719
0 0.399609 0.600391 0.013281 0.013281
0 0.399219 0.614844 0.012500 0.012500
0 0.409375 0.627344 0.014063 0.012500
0 0.415625 0.582812 0.014063 0.012500
0 0.467578 0.677734 0.013281 0.013281
0 0.401562 0.574609 0.012500 0.013281
0 0.439453 0.747266 0.011719 0.010156
0 0.451172 0.801172 0.011719 0.011719
0 0.455859 0.814844 0.013281 0.010937
0 0.463672 0.826953 0.013281 0.010156
0 0.477344 0.820703 0.012500 0.011719
0 0.466016 0.805078 0.013281 0.011719
0 0.476172 0.793750 0.013281 0.009375
0 0.480469 0.805469 0.012500 0.012500
0 0.534766 0.811719 0.013281 0.010937
0 0.494141 0.812500 0.013281 0.012500
0 0.506641 0.824219 0.013281 0.010937
0 0.492188 0.798047 0.012500 0.011719
0 0.493359 0.751953 0.013281 0.011719
0 0.506250 0.759375 0.012500 0.012500
0 0.519531 0.766797 0.012500 0.011719
0 0.519531 0.779687 0.014063 0.010937
0 0.521094 0.792188 0.012500 0.010937
0 0.521094 0.803125 0.012500 0.007812
0 0.520312 0.816406 0.012500 0.012500
0 0.507031 0.805859 0.012500 0.010156
0 0.506641 0.795312 0.013281 0.010937
0 0.486719 0.786328 0.012500 0.007031
0 0.505469 0.771094 0.012500 0.009375
0 0.501563 0.783594 0.012500 0.012500
0 0.479297 0.756250 0.011719 0.010937
0 0.492188 0.765625 0.012500 0.010937
0 0.484375 0.776563 0.012500 0.010937
0 0.460938 0.788672 0.012500 0.011719
0 0.472266 0.782031 0.011719 0.012500
0 0.470703 0.765234 0.011719 0.011719
0 0.457422 0.776563 0.013281 0.010937
0 0.412500 0.751172 0.012500 0.011719
0 0.426953 0.754687 0.011719 0.010937
0 0.426172 0.739062 0.011719 0.010937
0 0.547266 0.794531 0.013281 0.010937
0 0.547266 0.807813 0.011719 0.010937
0 0.533984 0.797266 0.011719 0.007031
0 0.493750 0.735547 0.012500 0.011719
0 0.480469 0.743359 0.012500 0.011719
0 0.533203 0.759375 0.011719 0.012500
0 0.533203 0.773438 0.013281 0.012500
0 0.533984 0.786328 0.011719 0.011719
0 0.413281 0.762500 0.012500 0.009375
0 0.413281 0.778125 0.014063 0.012500
0 0.420312 0.788281 0.012500 0.012500
0 0.422656 0.804297 0.012500 0.011719
0 0.426563 0.817187 0.012500 0.010937
0 0.506641 0.745313 0.013281 0.012500
0 0.519531 0.752344 0.012500 0.012500
0 0.429688 0.777344 0.012500 0.010937
0 0.434375 0.794922 0.014063 0.010156
0 0.438281 0.805469 0.012500 0.009375
0 0.443359 0.821875 0.014844 0.010937
0 0.445312 0.785156 0.014063 0.010937
0 0.442578 0.771875 0.013281 0.012500
0 0.440625 0.759375 0.012500 0.010937
0 0.452344 0.726953 0.012500 0.011719
0 0.453906 0.740625 0.012500 0.012500
0 0.453516 0.752734 0.013281 0.010156
0 0.455859 0.764062 0.013281 0.010937
0 0.467578 0.735547 0.011719 0.011719
0 0.466797 0.748047 0.011719 0.011719
0 0.426172 0.725391 0.013281 0.011719
0 0.520312 0.827734 0.012500 0.010156
0 0.538672 0.825000 0.013281 0.010937
0 0.480859 0.728906 0.011719 0.012500
0 0.507812 0.730859 0.014063 0.013281
0 0.547656 0.737891 0.012500 0.011719
0 0.547266 0.752344 0.013281 0.012500
0 0.546875 0.766797 0.012500 0.011719
0 0.546484 0.780859 0.013281 0.013281
0 0.533594 0.745313 0.012500 0.010937
0 0.520312 0.737500 0.012500 0.012500
0 0.397266 0.745313 0.013281 0.012500
0 0.411719 0.736328 0.012500 0.011719
0 0.398828 0.759766 0.013281 0.013281
0 0.398438 0.775391 0.012500 0.013281
0 0.399609 0.789844 0.013281 0.012500
0 0.407422 0.801953 0.013281 0.011719
0 0.409375 0.815625 0.012500 0.012500
0 0.623437 0.793359 0.014063 0.011719
0 0.621875 0.914453 0.012500 0.011719
0 0.616016 0.903906 0.013281 0.010937
0 0.604688 0.886719 0.012500 0.010937
0 0.625000 0.836719 0.012500 0.010937
0 0.624609 0.849219 0.011719 0.012500
0 0.612109 0.860547 0.013281 0.011719
0 0.605859 0.874219 0.013281 0.010937
0 0.618750 0.881641 0.012500 0.011719
0 0.624609 0.892188 0.011719 0.010937
0 0.625000 0.866016 0.012500 0.011719
0 0.597266 0.862500 0.013281 0.012500
0 0.591797 0.878516 0.013281 0.011719
0 0.559766 0.887891 0.013281 0.013281
0 0.571875 0.879297 0.012500 0.010156
0 0.575781 0.868750 0.012500 0.009375
0 0.580859 0.857812 0.011719 0.010937
0 0.562891 0.813281 0.011719 0.010937
0 0.562500 0.829688 0.010937 0.010937
0 0.562891 0.842969 0.013281 0.012500
0 0.565625 0.856250 0.014063 0.012500
0 0.560547 0.870313 0.013281 0.012500
0 0.546484 0.870313 0.011719 0.010937
0 0.550391 0.833984 0.011719 0.011719
0 0.551953 0.819141 0.011719 0.010156
0 0.551172 0.857812 0.013281 0.012500
0 0.542969 0.848828 0.012500 0.011719
0 0.536719 0.863281 0.012500 0.012500
0 0.528906 0.851172 0.012500 0.011719
0 0.533203 0.838281 0.013281 0.012500
0 0.516016 0.842969 0.013281 0.012500
0 0.503125 0.836328 0.012500 0.011719
0 0.491406 0.828516 0.012500 0.013281
0 0.478125 0.834375 0.012500 0.010937
0 0.590234 0.890234 0.011719 0.008594
0 0.602734 0.898047 0.011719 0.008594
0 0.577344 0.895703 0.012500 0.010156
0 0.589453 0.901563 0.010156 0.009375
0 0.602734 0.908984 0.011719 0.010156
0 0.564844 0.901563 0.010937 0.010937
0 0.597266 0.744531 0.011719 0.010937
0 0.612500 0.817578 0.012500 0.011719
0 0.624219 0.807813 0.012500 0.012500
0 0.626172 0.823828 0.013281 0.013281
0 0.611719 0.830078 0.012500 0.010156
0 0.599219 0.840234 0.012500 0.011719
0 0.585156 0.833203 0.012500 0.013281
0 0.576172 0.841406 0.011719 0.010937
0 0.590625 0.850391 0.012500 0.011719
0 0.611328 0.847266 0.013281 0.011719
0 0.614062 0.782813 0.012500 0.010937
0 0.560937 0.785156 0.012500 0.012500
0 0.561719 0.798047 0.012500 0.013281
0 0.575391 0.792969 0.013281 0.014063
0 0.601172 0.790625 0.011719 0.010937
0 0.589063 0.800391 0.012500 0.011719
0 0.575781 0.807422 0.012500 0.011719
0 0.572656 0.823438 0.012500 0.012500
0 0.585547 0.818750 0.011719 0.014063
0 0.599609 0.810937 0.013281 0.012500
0 0.610547 0.800391 0.013281 0.011719
0 0.599219 0.825000 0.014063 0.012500
0 0.564063 0.724219 0.014063 0.012500
0 0.578125 0.718750 0.012500 0.012500
0 0.582031 0.704688 0.012500 0.012500
0 0.548438 0.724609 0.014063 0.011719
0 0.567187 0.710156 0.014063 0.012500
0 0.593359 0.712891 0.013281 0.013281
0 0.600000 0.698828 0.010937 0.011719
0 0.587500 0.692187 0.012500 0.012500
0 0.575391 0.682422 0.013281 0.011719
0 0.551562 0.710547 0.014063 0.013281
0 0.551172 0.695312 0.013281 0.012500
0 0.536719 0.701562 0.012500 0.010937
0 0.562500 0.754297 0.012500 0.013281
0 0.535547 0.716406 0.013281 0.014063
0 0.522266 0.708594 0.013281 0.014063
0 0.603125 0.686328 0.012500 0.013281
0 0.521484 0.723437 0.013281 0.012500
0 0.611719 0.754297 0.010937 0.011719
0 0.628125 0.730078 0.012500 0.013281
0 0.626172 0.714844 0.013281 0.012500
0 0.630078 0.701562 0.013281 0.012500
0 0.567187 0.696094 0.012500 0.010937
0 0.615234 0.696094 0.013281 0.012500
0 0.617578 0.680078 0.013281 0.011719
0 0.508203 0.716016 0.011719 0.011719
0 0.494531 0.722656 0.012500 0.010937
0 0.572656 0.764453 0.012500 0.011719
0 0.560156 0.771094 0.010937 0.012500
0 0.574609 0.778125 0.013281 0.012500
0 0.587109 0.770312 0.013281 0.012500
0 0.600391 0.763672 0.011719 0.013281
0 0.625781 0.747266 0.014063 0.013281
0 0.625391 0.758984 0.013281 0.010156
0 0.613672 0.769141 0.011719 0.013281
0 0.587891 0.785937 0.011719 0.012500
0 0.600781 0.777344 0.014063 0.012500
0 0.626563 0.773438 0.012500 0.012500
0 0.562109 0.738672 0.013281 0.013281
0 0.576953 0.744141 0.013281 0.011719
0 0.585938 0.756250 0.014063 0.012500
0 0.584766 0.732422 0.013281 0.011719
0 0.599609 0.726953 0.011719 0.011719
0 0.609375 0.713281 0.014063 0.012500
0 0.614844 0.725391 0.012500 0.010156
0 0.611328 0.737891 0.013281 0.011719
0 0.043750 0.671094 0.026562 0.025000
0 0.135937 0.808984 0.028125 0.025781
0 0.122266 0.871094 0.027344 0.026562
0 0.108203 0.898438 0.030469 0.025000
0 0.098047 0.920703 0.027344 0.024219
0 0.051172 0.951172 0.028906 0.016406
0 0.087500 0.943359 0.020313 0.021094
0 0.104688 0.744531 0.031250 0.028125
0 0.083203 0.719141 0.030469 0.027344
0 0.074609 0.688281 0.030469 0.028125
0 0.189062 0.762109 0.028125 0.028906
0 0.150000 0.748047 0.032813 0.027344
0 0.120313 0.714453 0.029687 0.025781
0 0.141406 0.894531 0.028125 0.023438
0 0.132812 0.916406 0.028125 0.021875
0 0.113672 0.946875 0.030469 0.021875
0 0.147656 0.944141 0.029687 0.022656
0 0.162109 0.915625 0.028906 0.026562
0 0.183984 0.839063 0.027344 0.026562
0 0.174219 0.867578 0.029687 0.025781
0 0.200000 0.883594 0.031250 0.023438
0 0.196094 0.902734 0.028125 0.016406
0 0.180469 0.938281 0.028125 0.025000
0 0.285938 0.950781 0.029687 0.007812
0 0.299609 0.931641 0.027344 0.017969
0 0.329297 0.942578 0.027344 0.021094
0 0.331641 0.910156 0.028906 0.023438
0 0.360547 0.944141 0.030469 0.024219
0 0.362891 0.909766 0.027344 0.024219
0 0.375781 0.885156 0.029687 0.028125
0 0.289453 0.912500 0.030469 0.028125
0 0.200781 0.928125 0.014063 0.026562
0 0.220703 0.928125 0.024219 0.028125
0 0.248438 0.933984 0.029687 0.028906
0 0.207422 0.821875 0.027344 0.026562
0 0.210938 0.789453 0.029687 0.030469
0 0.237891 0.806641 0.030469 0.028906
0 0.238281 0.835938 0.029687 0.026562
0 0.269141 0.817969 0.028906 0.031250
0 0.296875 0.837109 0.026562 0.028906
0 0.232422 0.889844 0.028906 0.023438
0 0.239453 0.863672 0.027344 0.027344
0 0.267188 0.850781 0.028125 0.026562
0 0.295312 0.865625 0.026562 0.028125
0 0.323828 0.854297 0.028906 0.028906
0 0.320312 0.888672 0.031250 0.025781
0 0.267188 0.880859 0.028125 0.027344
0 0.208984 0.858203 0.028906 0.027344
0 0.032031 0.801953 0.029687 0.027344
0 0.086719 0.779297 0.032813 0.025781
0 0.043359 0.775000 0.030469 0.026562
0 0.064844 0.754687 0.031250 0.028125
0 0.062500 0.805078 0.029687 0.027344
0 0.081641 0.825781 0.030469 0.026562
0 0.044141 0.832422 0.028906 0.027344
0 0.035547 0.857422 0.013281 0.017969
0 0.062109 0.857422 0.032031 0.025781
0 0.052344 0.882812 0.021875 0.021875
0 0.032031 0.937891 0.023438 0.017969
0 0.083203 0.882031 0.028906 0.026562
0 0.069922 0.908203 0.028906 0.025781
0 0.066406 0.931250 0.028125 0.018750
0 0.148047 0.857422 0.024219 0.014844
0 0.094922 0.858594 0.030469 0.026562
0 0.151172 0.837891 0.028906 0.027344
0 0.119531 0.834375 0.029687 0.025000
0 0.173828 0.810937 0.032031 0.023438
0 0.155859 0.780469 0.027344 0.023438
0 0.120703 0.778125 0.028906 0.025000
0 0.010937 0.779297 0.020313 0.027344
0 0.019922 0.748437 0.028906 0.026562
0 0.044922 0.727344 0.027344 0.026562
0 0.025000 0.699609 0.028125 0.025781
0 0.012109 0.671484 0.022656 0.028906
0 0.008203 0.723437 0.014844 0.025000
0 0.408594 0.882031 0.026562 0.025000
0 0.393359 0.914453 0.028906 0.024219
0 0.394531 0.940234 0.028125 0.024219
0 0.427344 0.907031 0.026562 0.025000
0 0.455078 0.894141 0.027344 0.027344
0 0.426563 0.936719 0.026562 0.028125
0 0.457422 0.940234 0.027344 0.025781
0 0.486328 0.910156 0.028906 0.028125
0 0.490625 0.939844 0.029687 0.025000
0 0.516797 0.916797 0.025781 0.028906
0 0.516406 0.947656 0.015625 0.014063
0 0.537109 0.937500 0.022656 0.021875
0 0.556641 0.930859 0.010156 0.025781
0 0.583984 0.940234 0.025781 0.024219
0 0.333203 0.799609 0.013281 0.010156
0 0.410938 0.698047 0.012500 0.011719
0 0.410547 0.712109 0.011719 0.011719
0 0.410938 0.724609 0.012500 0.010156
0 0.425781 0.697656 0.012500 0.012500
0 0.425781 0.710938 0.012500 0.010937
0 0.440234 0.691016 0.011719 0.013281
0 0.439453 0.704688 0.011719 0.012500
0 0.439453 0.720313 0.011719 0.014063
0 0.439453 0.734766 0.011719 0.011719
0 0.453125 0.699219 0.010937 0.012500
0 0.452734 0.713281 0.011719 0.012500
0 0.467578 0.692578 0.013281 0.013281
0 0.466797 0.707812 0.011719 0.012500
0 0.466406 0.721484 0.012500 0.013281
0 0.481641 0.671094 0.013281 0.012500
0 0.481250 0.685547 0.012500 0.014844
0 0.480859 0.701172 0.011719 0.013281
0 0.480078 0.714453 0.011719 0.013281
0 0.494531 0.678516 0.010937 0.014844
0 0.493750 0.692969 0.012500 0.012500
0 0.494141 0.707812 0.013281 0.015625
0 0.508203 0.686328 0.013281 0.013281
0 0.507031 0.698828 0.010937 0.011719
0 0.522656 0.665625 0.012500 0.014063
0 0.521875 0.680078 0.012500 0.013281
0 0.521875 0.694141 0.012500 0.014844
0 0.538281 0.643359 0.012500 0.013281
0 0.537109 0.657813 0.011719 0.014063
0 0.535547 0.673047 0.014844 0.014844
0 0.535937 0.687891 0.012500 0.013281
0 0.592969 0.585938 0.012500 0.012500
0 0.553125 0.636328 0.014063 0.014844
0 0.578516 0.637891 0.013281 0.014844
0 0.564844 0.645703 0.014063 0.014844
0 0.550391 0.651563 0.013281 0.015625
0 0.563672 0.659766 0.013281 0.014844
0 0.549219 0.666797 0.012500 0.013281
0 0.548828 0.681250 0.011719 0.012500
0 0.562500 0.674219 0.014063 0.014063
0 0.577734 0.653516 0.013281 0.014844
0 0.576562 0.667969 0.014063 0.014063
0 0.592578 0.630859 0.013281 0.013281
0 0.592187 0.647266 0.012500 0.013281
0 0.591016 0.662500 0.013281 0.014063
0 0.589844 0.676953 0.015625 0.013281
0 0.604688 0.671094 0.012500 0.014063
0 0.605469 0.656250 0.012500 0.014063
0 0.618750 0.664062 0.012500 0.014063
0 0.605859 0.641016 0.013281 0.013281
0 0.606641 0.609375 0.013281 0.014063
0 0.607031 0.625000 0.012500 0.014063
0 0.621484 0.585938 0.013281 0.014063
0 0.620313 0.600391 0.014063 0.013281
0 0.619922 0.615234 0.013281 0.013281
0 0.631250 0.685547 0.012500 0.013281
0 0.633203 0.671875 0.013281 0.012500
0 0.633203 0.657422 0.013281 0.013281
0 0.619922 0.632031 0.013281 0.014063
0 0.618750 0.647266 0.012500 0.013281
0 0.633594 0.641016 0.014063 0.013281
0 0.633594 0.624219 0.012500 0.014063
0 0.634766 0.608984 0.013281 0.013281
0 0.635547 0.592969 0.014844 0.014063
0 0.635938 0.576953 0.014063 0.011719
0 0.637891 0.563672 0.013281 0.013281
0 0.550391 0.552344 0.013281 0.014063
0 0.550000 0.568359 0.012500 0.014844
0 0.576953 0.568359 0.013281 0.013281
0 0.563281 0.576562 0.012500 0.014063
0 0.508203 0.575000 0.014844 0.012500
0 0.494141 0.566797 0.013281 0.013281
0 0.499609 0.588281 0.013281 0.014063
0 0.535937 0.576562 0.014063 0.014063
0 0.521875 0.583984 0.015625 0.013281
0 0.535547 0.591406 0.014844 0.014063
0 0.549219 0.584766 0.012500 0.013281
0 0.499219 0.604297 0.012500 0.013281
0 0.512891 0.597266 0.014844 0.013281
0 0.526563 0.605469 0.014063 0.015625
0 0.549219 0.600000 0.014063 0.014063
0 0.563672 0.592578 0.013281 0.014844
0 0.577734 0.584766 0.014844 0.014844
0 0.577344 0.600391 0.014063 0.014844
0 0.562891 0.607422 0.014844 0.013281
0 0.540234 0.613672 0.013281 0.013281
0 0.525781 0.621094 0.014063 0.014063
0 0.539062 0.628906 0.014063 0.014063
0 0.553906 0.621094 0.014063 0.014063
0 0.577344 0.615625 0.014063 0.014063
0 0.592969 0.601562 0.014063 0.014063
0 0.592969 0.616406 0.014063 0.014063
0 0.566797 0.626953 0.013281 0.013281
0 0.282813 0.626953 0.014063 0.013281
0 0.383594 0.642578 0.014063 0.013281
0 0.355859 0.710156 0.011719 0.012500
0 0.342187 0.703125 0.012500 0.010937
0 0.354687 0.698047 0.014063 0.011719
0 0.342187 0.624609 0.014063 0.011719
0 0.357031 0.628906 0.014063 0.012500
0 0.377344 0.656250 0.014063 0.012500
0 0.379688 0.671484 0.014063 0.013281
0 0.367578 0.691406 0.013281 0.010937
0 0.314453 0.622266 0.013281 0.011719
0 0.326953 0.632031 0.013281 0.012500
0 0.332422 0.642578 0.011719 0.010156
0 0.345703 0.640625 0.014844 0.012500
0 0.353125 0.649219 0.009375 0.010937
0 0.365625 0.646094 0.014063 0.014063
0 0.364453 0.664453 0.013281 0.014844
0 0.366797 0.679297 0.014844 0.013281
0 0.353516 0.684766 0.013281 0.013281
0 0.326172 0.683594 0.013281 0.012500
0 0.341016 0.690625 0.011719 0.012500
0 0.338672 0.676953 0.011719 0.011719
0 0.349609 0.669531 0.014844 0.012500
0 0.301953 0.648828 0.013281 0.013281
0 0.304297 0.663672 0.014844 0.013281
0 0.312500 0.674219 0.012500 0.012500
0 0.314453 0.640625 0.013281 0.012500
0 0.337500 0.659766 0.014063 0.013281
0 0.326172 0.669531 0.013281 0.012500
0 0.318750 0.655859 0.014063 0.013281
0 0.238672 0.628906 0.013281 0.012500
0 0.220703 0.660156 0.013281 0.012500
0 0.273828 0.702734 0.008594 0.010156
0 0.276172 0.721094 0.011719 0.014063
0 0.277734 0.738672 0.013281 0.013281
0 0.277344 0.754297 0.012500 0.013281
0 0.288281 0.687891 0.012500 0.011719
0 0.285547 0.701562 0.014844 0.012500
0 0.289062 0.713281 0.012500 0.012500
0 0.290234 0.728906 0.014844 0.012500
0 0.291016 0.746875 0.013281 0.012500
0 0.292187 0.759766 0.014063 0.011719
0 0.306641 0.758984 0.013281 0.013281
0 0.306250 0.742969 0.014063 0.012500
0 0.320312 0.749219 0.012500 0.012500
0 0.333203 0.755078 0.010156 0.013281
0 0.332031 0.737891 0.009375 0.011719
0 0.357422 0.721875 0.011719 0.009375
0 0.344141 0.717578 0.013281 0.013281
0 0.343359 0.731641 0.010156 0.008594
0 0.320703 0.729688 0.013281 0.007812
0 0.305859 0.725781 0.013281 0.012500
0 0.317969 0.719141 0.012500 0.011719
0 0.303516 0.712500 0.013281 0.012500
0 0.300781 0.698047 0.014063 0.013281
0 0.332031 0.723828 0.014063 0.011719
0 0.330469 0.710547 0.012500 0.013281
0 0.316406 0.704297 0.014063 0.013281
0 0.313672 0.691406 0.013281 0.012500
0 0.328516 0.696875 0.013281 0.012500
0 0.301563 0.682031 0.012500 0.012500
0 0.292578 0.671484 0.013281 0.011719
0 0.289062 0.656641 0.012500 0.013281
0 0.229687 0.694922 0.014063 0.013281
0 0.226172 0.708203 0.013281 0.013281
0 0.222266 0.721875 0.013281 0.012500
0 0.233594 0.732422 0.014063 0.013281
0 0.285938 0.642188 0.014063 0.014063
0 0.272266 0.650391 0.013281 0.013281
0 0.276172 0.664062 0.013281 0.012500
0 0.278906 0.678125 0.014063 0.012500
0 0.263672 0.678125 0.013281 0.010937
0 0.254297 0.683984 0.013281 0.011719
0 0.246484 0.696094 0.013281 0.012500
0 0.241797 0.710938 0.014844 0.012500
0 0.261719 0.697656 0.014063 0.012500
0 0.258984 0.711328 0.014844 0.013281
0 0.247266 0.723828 0.014844 0.013281
0 0.249609 0.737109 0.011719 0.011719
0 0.262891 0.731250 0.013281 0.014063
0 0.263281 0.746094 0.012500 0.012500
0 0.273047 0.690234 0.013281 0.011719
0 0.245703 0.658203 0.013281 0.013281
0 0.205859 0.676172 0.013281 0.011719
0 0.237500 0.612109 0.014063 0.013281
0 0.252344 0.619141 0.014063 0.013281
0 0.268750 0.620703 0.014063 0.013281
0 0.266016 0.635938 0.014844 0.014063
0 0.257031 0.650781 0.014063 0.012500
0 0.238672 0.679297 0.013281 0.011719
0 0.197266 0.693359 0.014844 0.011719
0 0.190234 0.679688 0.014844 0.012500
0 0.173047 0.682813 0.013281 0.012500
0 0.216406 0.686719 0.014063 0.012500
0 0.212891 0.700391 0.013281 0.013281
0 0.182031 0.696484 0.014063 0.011719
0 0.193359 0.706641 0.014844 0.013281
0 0.205859 0.715234 0.013281 0.013281
0 0.249609 0.670703 0.011719 0.011719
0 0.261328 0.664062 0.013281 0.012500
0 0.223438 0.674219 0.014063 0.010937
0 0.235547 0.667188 0.011719 0.010937
0 0.191797 0.665625 0.014844 0.012500
0 0.206641 0.661719 0.013281 0.012500
0 0.393359 0.662109 0.011719 0.013281
0 0.394531 0.677734 0.012500 0.011719
0 0.381641 0.683984 0.013281 0.010156
0 0.395313 0.690625 0.012500 0.010937
0 0.382031 0.697266 0.012500 0.011719
0 0.368750 0.705859 0.012500 0.011719
0 0.396094 0.703906 0.012500 0.012500
0 0.382812 0.710938 0.012500 0.012500
0 0.396484 0.718359 0.013281 0.011719
0 0.369922 0.717969 0.013281 0.009375
0 0.383594 0.723437 0.012500 0.009375
0 0.398047 0.730469 0.011719 0.009375
0 0.384766 0.736328 0.013281 0.011719
0 0.384375 0.752734 0.010937 0.013281
0 0.386328 0.767969 0.008594 0.012500
0 0.389453 0.783984 0.003906 0.008594
0 0.321094 0.765234 0.012500 0.011719
0 0.308984 0.773828 0.013281 0.011719
0 0.325000 0.776563 0.012500 0.010937
0 0.335938 0.776953 0.006250 0.011719
0 0.394141 0.802734 0.005469 0.010156
0 0.397656 0.817578 0.004687 0.010156
0 0.525000 0.505078 0.012500 0.013281
0 0.599219 0.492188 0.012500 0.014063
0 0.598828 0.475391 0.014844 0.014844
0 0.579688 0.521875 0.014063 0.014063
0 0.594531 0.522656 0.014063 0.014063
0 0.537109 0.545312 0.013281 0.014063
0 0.565234 0.530469 0.013281 0.014063
0 0.550391 0.537109 0.013281 0.013281
0 0.536719 0.560937 0.014063 0.014063
0 0.521875 0.568359 0.012500 0.013281
0 0.564453 0.545703 0.013281 0.014844
0 0.564063 0.561719 0.012500 0.014063
0 0.578906 0.537891 0.014063 0.014844
0 0.578906 0.553906 0.014063 0.014063
0 0.612500 0.482812 0.014063 0.014063
0 0.614453 0.499219 0.014844 0.014063
0 0.610156 0.515625 0.014063 0.014063
0 0.608594 0.531641 0.014063 0.014844
0 0.594531 0.538672 0.012500 0.013281
0 0.593359 0.553125 0.013281 0.014063
0 0.608203 0.547266 0.013281 0.014844
0 0.593359 0.570703 0.013281 0.014844
0 0.607812 0.562500 0.014063 0.014063
0 0.628906 0.507031 0.014063 0.014063
0 0.623828 0.522656 0.011719 0.014063
0 0.621484 0.537891 0.013281 0.014844
0 0.636328 0.529297 0.013281 0.013281
0 0.634375 0.542578 0.012500 0.013281
0 0.622266 0.553516 0.013281 0.013281
0 0.622656 0.570312 0.014063 0.014063
0 0.607812 0.578516 0.014063 0.013281
0 0.607422 0.592969 0.013281 0.014063
0 0.494922 0.536328 0.013281 0.014844
0 0.480859 0.542578 0.013281 0.014844
0 0.493750 0.551562 0.014063 0.014063
0 0.451953 0.540234 0.013281 0.013281
0 0.466016 0.549609 0.014844 0.013281
0 0.479687 0.558203 0.014063 0.013281
0 0.473047 0.572656 0.013281 0.014063
0 0.459766 0.564063 0.013281 0.014063
0 0.446094 0.555859 0.014063 0.014844
0 0.431641 0.561719 0.014844 0.014063
0 0.444531 0.571094 0.014063 0.014063
0 0.458594 0.580078 0.014063 0.014844
0 0.471875 0.587891 0.012500 0.014844
0 0.508594 0.544141 0.014063 0.014844
0 0.508203 0.560547 0.011719 0.014844
0 0.523047 0.537500 0.011719 0.014063
0 0.522266 0.552734 0.011719 0.013281
0 0.537109 0.528906 0.013281 0.014063
0 0.584375 0.485547 0.014063 0.013281
0 0.569922 0.493359 0.013281 0.013281
0 0.553906 0.503906 0.014063 0.014063
0 0.551172 0.521875 0.013281 0.015625
0 0.566016 0.514062 0.013281 0.014063
0 0.580469 0.506250 0.014063 0.014063
0 0.596094 0.507812 0.014063 0.014063
0 0.483594 0.478516 0.014063 0.013281
0 0.468750 0.501953 0.014063 0.013281
0 0.469141 0.486328 0.013281 0.013281
0 0.462500 0.471875 0.014063 0.014063
0 0.454688 0.493750 0.014063 0.014063
0 0.447656 0.478906 0.014063 0.014063
0 0.461719 0.455469 0.014063 0.014063
0 0.462500 0.439063 0.014063 0.014063
0 0.446484 0.462500 0.014844 0.014063
0 0.446094 0.446484 0.014063 0.013281
0 0.430078 0.444141 0.013281 0.013281
0 0.432812 0.471484 0.014063 0.013281
0 0.439063 0.495312 0.014063 0.014063
0 0.468359 0.517578 0.013281 0.014844
0 0.453516 0.508984 0.014844 0.014844
0 0.437891 0.511719 0.014844 0.014063
0 0.453125 0.525391 0.014063 0.014844
0 0.438281 0.530859 0.014063 0.014844
0 0.523828 0.521484 0.013281 0.013281
0 0.510156 0.528125 0.012500 0.014063
0 0.496094 0.519531 0.014063 0.014063
0 0.481641 0.526563 0.013281 0.015625
0 0.467578 0.533594 0.013281 0.015625
0 0.535937 0.464844 0.014063 0.012500
0 0.540234 0.481250 0.013281 0.014063
0 0.548828 0.455859 0.014844 0.013281
0 0.553516 0.471484 0.014844 0.014844
0 0.565234 0.459766 0.014844 0.011719
0 0.555078 0.487500 0.013281 0.014063
0 0.568750 0.476953 0.015625 0.013281
0 0.583984 0.469141 0.013281 0.013281
0 0.476562 0.448047 0.012500 0.011719
0 0.490625 0.440625 0.014063 0.012500
0 0.505078 0.450000 0.013281 0.012500
0 0.521875 0.449219 0.014063 0.012500
0 0.475781 0.461328 0.012500 0.011719
0 0.491016 0.457031 0.013281 0.012500
0 0.519922 0.466016 0.013281 0.013281
0 0.498828 0.470703 0.013281 0.013281
0 0.512109 0.480469 0.013281 0.012500
0 0.525391 0.488672 0.013281 0.013281
0 0.539844 0.497656 0.012500 0.014063
0 0.538281 0.513672 0.012500 0.014844
0 0.511328 0.496484 0.013281 0.013281
0 0.510156 0.512109 0.012500 0.014844
0 0.482031 0.510547 0.014063 0.013281
0 0.483203 0.494531 0.013281 0.015625
0 0.497266 0.487500 0.013281 0.015625
0 0.496875 0.503906 0.014063 0.014063
0 0.373828 0.630078 0.011719 0.008594
0 0.312500 0.538281 0.012500 0.012500
0 0.307812 0.594141 0.012500 0.014844
0 0.309375 0.609766 0.012500 0.013281
0 0.317969 0.569531 0.012500 0.014063
0 0.320312 0.585156 0.014063 0.014063
0 0.321875 0.600000 0.014063 0.012500
0 0.356641 0.541016 0.013281 0.013281
0 0.370703 0.548828 0.013281 0.013281
0 0.358594 0.557031 0.012500 0.014063
0 0.343750 0.550781 0.014063 0.014063
0 0.345703 0.566016 0.013281 0.013281
0 0.333203 0.575781 0.013281 0.014063
0 0.335547 0.591406 0.013281 0.014063
0 0.373437 0.564453 0.014063 0.013281
0 0.360547 0.572656 0.013281 0.014063
0 0.348047 0.580859 0.013281 0.013281
0 0.349609 0.598828 0.013281 0.013281
0 0.337500 0.606641 0.012500 0.013281
0 0.362500 0.588281 0.014063 0.014063
0 0.298828 0.634375 0.013281 0.012500
0 0.325391 0.614062 0.013281 0.012500
0 0.351953 0.613672 0.013281 0.013281
0 0.366016 0.603906 0.014844 0.012500
0 0.377734 0.593359 0.014844 0.013281
0 0.366797 0.618359 0.014844 0.011719
0 0.383203 0.621094 0.013281 0.012500
0 0.287109 0.556250 0.014844 0.014063
0 0.273438 0.564063 0.014063 0.014063
0 0.260937 0.571484 0.014063 0.013281
0 0.289453 0.571484 0.013281 0.013281
0 0.216797 0.643359 0.011719 0.013281
0 0.227344 0.635547 0.012500 0.013281
0 0.230859 0.651172 0.013281 0.013281
0 0.224219 0.621484 0.014063 0.013281
0 0.237500 0.594531 0.014063 0.014063
0 0.250391 0.603516 0.013281 0.014844
0 0.263672 0.587891 0.011719 0.013281
0 0.276562 0.580469 0.014063 0.014063
0 0.305078 0.578516 0.013281 0.013281
0 0.292578 0.586719 0.014844 0.014063
0 0.278906 0.596875 0.012500 0.014063
0 0.266016 0.605469 0.014844 0.015625
0 0.281641 0.611328 0.014844 0.013281
0 0.294141 0.603125 0.013281 0.014063
0 0.296094 0.617578 0.014063 0.013281
0 0.180078 0.577734 0.014844 0.013281
0 0.157812 0.623437 0.014063 0.012500
0 0.161328 0.637500 0.013281 0.012500
0 0.137109 0.612500 0.014844 0.012500
0 0.140625 0.627734 0.014063 0.013281
0 0.133203 0.641797 0.011719 0.013281
0 0.180859 0.613672 0.013281 0.013281
0 0.175781 0.639453 0.014063 0.013281
0 0.149609 0.647656 0.014844 0.012500
0 0.161719 0.660547 0.014063 0.013281
0 0.145313 0.663672 0.015625 0.013281
0 0.125781 0.599609 0.014063 0.011719
0 0.117578 0.614844 0.014844 0.014063
0 0.120313 0.631641 0.014063 0.011719
0 0.123047 0.652344 0.013281 0.012500
0 0.160547 0.674609 0.014844 0.013281
0 0.180078 0.651953 0.013281 0.011719
0 0.178125 0.664453 0.014063 0.011719
0 0.195703 0.651172 0.014844 0.013281
0 0.201953 0.636719 0.013281 0.012500
0 0.197266 0.619531 0.014844 0.014063
0 0.210938 0.612891 0.014063 0.013281
0 0.213281 0.628125 0.012500 0.012500
0 0.223438 0.603516 0.012500 0.013281
0 0.179688 0.543359 0.014063 0.013281
0 0.180078 0.526953 0.014844 0.013281
0 0.193359 0.517578 0.013281 0.013281
0 0.207813 0.512500 0.012500 0.014063
0 0.235547 0.528125 0.014844 0.014063
0 0.197266 0.532031 0.011719 0.014063
0 0.212109 0.531641 0.014844 0.013281
0 0.215234 0.546484 0.014844 0.013281
0 0.223438 0.560937 0.014063 0.014063
0 0.167578 0.605469 0.014844 0.014063
0 0.243750 0.643359 0.012500 0.013281
0 0.155078 0.608203 0.011719 0.013281
0 0.141797 0.599219 0.013281 0.012500
0 0.136328 0.583984 0.013281 0.013281
0 0.208984 0.595703 0.013281 0.013281
0 0.221484 0.587891 0.013281 0.013281
0 0.230469 0.575391 0.014063 0.013281
0 0.237109 0.551562 0.013281 0.012500
0 0.246875 0.539844 0.014063 0.012500
0 0.281641 0.540625 0.013281 0.012500
0 0.269531 0.548438 0.014063 0.012500
0 0.253906 0.554688 0.014063 0.012500
0 0.245312 0.567187 0.014063 0.014063
0 0.247266 0.582422 0.014844 0.013281
0 0.151953 0.559766 0.013281 0.011719
0 0.143359 0.572266 0.013281 0.011719
0 0.151953 0.587109 0.013281 0.013281
0 0.266016 0.533984 0.013281 0.013281
0 0.181641 0.596875 0.013281 0.014063
0 0.196094 0.604297 0.014063 0.013281
0 0.208594 0.579688 0.012500 0.012500
0 0.209766 0.560547 0.011719 0.013281
0 0.198047 0.548438 0.014844 0.012500
0 0.251563 0.525391 0.014063 0.013281
0 0.250781 0.508594 0.014063 0.014063
0 0.235156 0.511328 0.014063 0.013281
0 0.221484 0.503906 0.013281 0.012500
0 0.169141 0.561719 0.013281 0.010937
0 0.186719 0.556641 0.012500 0.011719
0 0.193750 0.571875 0.014063 0.014063
0 0.195312 0.587891 0.014063 0.013281
0 0.161328 0.573047 0.013281 0.013281
0 0.166797 0.588281 0.014844 0.014063
0 0.392578 0.587500 0.014844 0.014063
0 0.375000 0.462500 0.014063 0.014063
0 0.424219 0.521094 0.015625 0.014063
0 0.423047 0.536328 0.014844 0.013281
0 0.415234 0.598047 0.013281 0.013281
0 0.419531 0.551953 0.014063 0.013281
0 0.416406 0.567187 0.014063 0.014063
0 0.307422 0.523047 0.014844 0.014844
0 0.291016 0.516406 0.013281 0.014063
0 0.285547 0.500000 0.014844 0.014063
0 0.294531 0.532813 0.014063 0.014063
0 0.328125 0.543750 0.014063 0.012500
0 0.331250 0.558984 0.014063 0.013281
0 0.316016 0.553906 0.014844 0.015625
0 0.302734 0.562891 0.013281 0.014844
0 0.300391 0.546875 0.013281 0.012500
0 0.279297 0.526172 0.013281 0.016406
0 0.268750 0.500391 0.015625 0.014844
0 0.265625 0.516797 0.014063 0.014844
0 0.254297 0.491406 0.013281 0.015625
0 0.341016 0.534766 0.013281 0.013281
0 0.376953 0.533203 0.014844 0.014844
0 0.392969 0.533984 0.014063 0.014844
0 0.416797 0.473438 0.014844 0.014063
0 0.421094 0.489453 0.015625 0.014844
0 0.422656 0.504297 0.014063 0.013281
0 0.407422 0.511719 0.014844 0.014063
0 0.407813 0.528125 0.014063 0.014063
0 0.406250 0.544141 0.014063 0.013281
0 0.390234 0.551172 0.014844 0.014844
0 0.403516 0.558984 0.011719 0.013281
0 0.388672 0.566016 0.013281 0.013281
0 0.375781 0.517188 0.014063 0.014063
0 0.335938 0.496875 0.014063 0.014063
0 0.362109 0.526172 0.013281 0.014844
0 0.346875 0.519531 0.014063 0.014063
0 0.332031 0.512891 0.015625 0.013281
0 0.325000 0.527734 0.014063 0.014844
0 0.320312 0.501563 0.014063 0.014063
0 0.401953 0.481250 0.014844 0.014063
0 0.405859 0.496094 0.014844 0.012500
0 0.391016 0.503516 0.014844 0.013281
0 0.392188 0.518750 0.015625 0.014063
0 0.296875 0.489844 0.014063 0.012500
0 0.303906 0.506250 0.014063 0.015625
0 0.354687 0.481250 0.014063 0.014063
0 0.341016 0.474219 0.013281 0.014063
0 0.327734 0.482812 0.013281 0.014063
0 0.312109 0.485547 0.013281 0.013281
0 0.403516 0.464062 0.014844 0.014063
0 0.407422 0.448437 0.014844 0.014063
0 0.421484 0.458594 0.014844 0.014063
0 0.387891 0.486719 0.014844 0.015625
0 0.351562 0.496094 0.015625 0.014063
0 0.361328 0.509766 0.013281 0.014844
0 0.374609 0.501563 0.013281 0.012500
0 0.371875 0.483984 0.014063 0.013281
0 0.358203 0.465234 0.014844 0.014844
0 0.390234 0.453516 0.013281 0.014844
0 0.389062 0.470703 0.014063 0.013281
0 0.319141 0.365234 0.013281 0.013281
0 0.367578 0.382422 0.014844 0.013281
0 0.361328 0.397266 0.014844 0.013281
0 0.382812 0.389844 0.014063 0.012500
0 0.398828 0.386328 0.013281 0.013281
0 0.392969 0.404297 0.014063 0.011719
0 0.376953 0.403516 0.013281 0.013281
0 0.315234 0.472266 0.011719 0.011719
0 0.328125 0.463672 0.014063 0.014844
0 0.346094 0.454688 0.014063 0.012500
0 0.456250 0.414453 0.014063 0.013281
0 0.391797 0.420312 0.013281 0.014063
0 0.408203 0.398828 0.013281 0.013281
0 0.408594 0.413672 0.014063 0.013281
0 0.423828 0.410156 0.013281 0.012500
0 0.440625 0.410547 0.014063 0.013281
0 0.431641 0.424219 0.013281 0.012500
0 0.416797 0.427734 0.013281 0.011719
0 0.360938 0.447656 0.014063 0.014063
0 0.375000 0.441016 0.014063 0.013281
0 0.399609 0.433984 0.014844 0.011719
0 0.377344 0.421875 0.012500 0.012500
0 0.362500 0.413672 0.012500 0.011719
0 0.348438 0.406641 0.014063 0.011719
0 0.401172 0.369531 0.013281 0.014063
0 0.385937 0.373828 0.014063 0.013281
0 0.342187 0.422266 0.014063 0.014844
0 0.293750 0.454688 0.012500 0.012500
0 0.276562 0.455078 0.014063 0.011719
0 0.272266 0.468359 0.013281 0.011719
0 0.286719 0.468359 0.012500 0.011719
0 0.302344 0.469531 0.009375 0.010937
0 0.308203 0.456641 0.014844 0.013281
0 0.315625 0.442188 0.014063 0.012500
0 0.333203 0.443750 0.013281 0.012500
0 0.348438 0.436328 0.012500 0.013281
0 0.362500 0.428516 0.014063 0.013281
0 0.257031 0.419922 0.014063 0.011719
0 0.251953 0.433203 0.013281 0.013281
0 0.243750 0.448047 0.012500 0.011719
0 0.267578 0.441406 0.013281 0.012500
0 0.319141 0.414453 0.013281 0.011719
0 0.326953 0.429297 0.013281 0.011719
0 0.308984 0.426953 0.013281 0.011719
0 0.423828 0.394141 0.013281 0.013281
0 0.415625 0.379297 0.012500 0.013281
0 0.349609 0.376953 0.013281 0.013281
0 0.341016 0.392188 0.014844 0.012500
0 0.260547 0.455469 0.013281 0.012500
0 0.290625 0.427344 0.014063 0.010937
0 0.286328 0.440234 0.013281 0.011719
0 0.301172 0.441016 0.011719 0.011719
0 0.328906 0.403516 0.015625 0.013281
0 0.291016 0.370703 0.011719 0.011719
0 0.309375 0.400781 0.012500 0.010937
0 0.246875 0.371875 0.014063 0.014063
0 0.280469 0.382812 0.012500 0.014063
0 0.296094 0.388672 0.012500 0.013281
0 0.300391 0.411719 0.013281 0.014063
0 0.263281 0.376953 0.012500 0.013281
0 0.245312 0.389062 0.014063 0.014063
0 0.375000 0.357812 0.012500 0.014063
0 0.362109 0.367188 0.013281 0.012500
0 0.285156 0.399609 0.014063 0.013281
0 0.268359 0.393359 0.013281 0.013281
0 0.255859 0.403516 0.013281 0.013281
0 0.277344 0.414844 0.014063 0.012500
0 0.275781 0.427734 0.012500 0.010156
0 0.317969 0.390234 0.012500 0.011719
0 0.307812 0.376563 0.012500 0.012500
0 0.330078 0.377734 0.014844 0.013281
0 0.335938 0.362500 0.014063 0.012500
0 0.227344 0.391016 0.012500 0.013281
0 0.224609 0.404687 0.011719 0.010937
0 0.239453 0.404687 0.013281 0.012500
0 0.226562 0.419141 0.009375 0.011719
0 0.239063 0.421094 0.012500 0.014063
0 0.231641 0.435937 0.011719 0.012500
0 0.231641 0.373437 0.013281 0.012500
0 0.329688 0.287109 0.014063 0.014844
0 0.284766 0.273047 0.013281 0.013281
0 0.286328 0.317188 0.014844 0.015625
0 0.287500 0.334766 0.014063 0.014844
0 0.303125 0.341797 0.014063 0.014844
0 0.272266 0.286328 0.013281 0.013281
0 0.271484 0.306641 0.014844 0.014844
0 0.303906 0.359766 0.014063 0.014844
0 0.273438 0.343750 0.012500 0.014063
0 0.270313 0.326172 0.014063 0.013281
0 0.287109 0.354297 0.013281 0.014844
0 0.256641 0.343359 0.014844 0.014844
0 0.275781 0.365234 0.014063 0.014844
0 0.259375 0.360547 0.014063 0.013281
0 0.254688 0.312109 0.014063 0.014844
0 0.248438 0.327344 0.014063 0.014063
0 0.237500 0.340625 0.012500 0.012500
0 0.235547 0.357031 0.014844 0.014063
0 0.391016 0.356250 0.014844 0.014063
0 0.380859 0.341406 0.014844 0.012500
0 0.369531 0.326953 0.014063 0.014844
0 0.362500 0.306641 0.014063 0.016406
0 0.317969 0.332813 0.014063 0.014063
0 0.338672 0.341016 0.013281 0.016406
0 0.323828 0.348828 0.014844 0.014844
0 0.345703 0.314844 0.014844 0.015625
0 0.352344 0.331250 0.015625 0.014063
0 0.301953 0.324609 0.013281 0.016406
0 0.300391 0.307422 0.013281 0.014844
0 0.350000 0.353516 0.014063 0.014844
0 0.398828 0.340625 0.014844 0.014063
0 0.364453 0.344141 0.013281 0.013281
0 0.286719 0.297656 0.012500 0.014063
0 0.390234 0.326562 0.014844 0.014063
0 0.324219 0.242578 0.012500 0.013281
0 0.365234 0.270703 0.014844 0.016406
0 0.301563 0.266406 0.014063 0.014063
0 0.376172 0.293359 0.014844 0.014844
0 0.352734 0.258203 0.013281 0.013281
0 0.305859 0.249219 0.013281 0.014063
0 0.316016 0.316406 0.013281 0.015625
0 0.331641 0.323828 0.014844 0.014844
0 0.399609 0.312500 0.013281 0.015625
0 0.378516 0.312109 0.014844 0.014844
0 0.317969 0.261719 0.014063 0.014063
0 0.313281 0.279687 0.014063 0.014063
0 0.296484 0.284375 0.013281 0.014063
0 0.314844 0.297656 0.015625 0.014063
0 0.335547 0.257031 0.014844 0.014063
0 0.342969 0.276172 0.015625 0.014844
0 0.344922 0.297656 0.016406 0.014063
0 0.358984 0.286328 0.014844 0.014844
0 0.550000 0.245703 0.014063 0.014844
0 0.586328 0.305859 0.014844 0.013281
0 0.594531 0.320703 0.015625 0.013281
0 0.615234 0.346875 0.014844 0.014063
0 0.606250 0.332422 0.014063 0.014844
0 0.602734 0.260547 0.014844 0.013281
0 0.590625 0.273828 0.014063 0.014844
0 0.598828 0.289453 0.014844 0.014844
0 0.610547 0.276562 0.013281 0.014063
0 0.614062 0.298828 0.014063 0.014844
0 0.610938 0.315625 0.014063 0.014063
0 0.623047 0.231641 0.014844 0.013281
0 0.615234 0.248047 0.014844 0.014844
0 0.623047 0.263281 0.014844 0.014063
0 0.626953 0.280078 0.014844 0.014844
0 0.629687 0.298047 0.014063 0.014844
0 0.629297 0.314453 0.014844 0.014844
0 0.624609 0.330859 0.013281 0.013281
0 0.631641 0.344531 0.011719 0.014063
0 0.632031 0.247656 0.014063 0.015625
0 0.639844 0.266406 0.015625 0.014063
0 0.645312 0.283984 0.014063 0.013281
0 0.651172 0.300000 0.016406 0.014063
0 0.647266 0.317578 0.016406 0.013281
0 0.649219 0.334375 0.014063 0.012500
0 0.539844 0.205078 0.014063 0.014844
0 0.573828 0.218359 0.014844 0.016406
0 0.585547 0.205078 0.013281 0.013281
0 0.599609 0.215625 0.013281 0.015625
0 0.588281 0.229297 0.014063 0.014844
0 0.536719 0.278906 0.014063 0.014063
0 0.519531 0.282031 0.014063 0.014063
0 0.527734 0.297266 0.013281 0.013281
0 0.549609 0.343750 0.014844 0.012500
0 0.536719 0.312891 0.015625 0.014844
0 0.545312 0.295703 0.014063 0.014844
0 0.552734 0.312500 0.014844 0.014063
0 0.559766 0.327344 0.014844 0.014063
0 0.568359 0.341797 0.014844 0.013281
0 0.553906 0.280078 0.015625 0.014844
0 0.571094 0.275000 0.015625 0.014063
0 0.562500 0.296094 0.014063 0.014063
0 0.569922 0.312500 0.014844 0.014063
0 0.577344 0.327734 0.014063 0.014844
0 0.590625 0.337500 0.014063 0.014063
0 0.616797 0.214844 0.014844 0.012500
0 0.605078 0.232813 0.014844 0.014063
0 0.593750 0.245312 0.015625 0.014063
0 0.582031 0.258203 0.015625 0.014844
0 0.581250 0.289844 0.015625 0.014063
0 0.518359 0.233594 0.014844 0.014063
0 0.501172 0.231250 0.014844 0.012500
0 0.483984 0.229687 0.013281 0.014063
0 0.562891 0.176563 0.013281 0.014063
0 0.524609 0.171094 0.013281 0.015625
0 0.506250 0.169141 0.014063 0.013281
0 0.539844 0.260156 0.014063 0.014063
0 0.526172 0.250000 0.014844 0.014063
0 0.508203 0.248047 0.014844 0.013281
0 0.485938 0.198828 0.014063 0.013281
0 0.475391 0.212891 0.013281 0.014844
0 0.465625 0.227734 0.012500 0.013281
0 0.491406 0.246094 0.014063 0.015625
0 0.473828 0.243750 0.014844 0.015625
0 0.564063 0.256641 0.015625 0.014844
0 0.560156 0.230469 0.014063 0.015625
0 0.579688 0.178516 0.014063 0.013281
0 0.570703 0.194922 0.014844 0.014844
0 0.593359 0.189844 0.014844 0.014063
0 0.607031 0.199609 0.014063 0.013281
0 0.574609 0.241406 0.014844 0.014063
0 0.493750 0.182812 0.012500 0.012500
0 0.515234 0.185156 0.013281 0.012500
0 0.544922 0.175391 0.014844 0.013281
0 0.552734 0.191406 0.014844 0.014063
0 0.533203 0.187500 0.014844 0.014063
0 0.521484 0.201172 0.014844 0.013281
0 0.546094 0.220703 0.014063 0.014844
0 0.559375 0.208594 0.014063 0.014063
0 0.529297 0.218750 0.014844 0.014063
0 0.535937 0.235547 0.014063 0.014844
0 0.504297 0.199219 0.014844 0.015625
0 0.511719 0.216406 0.014063 0.014063
0 0.494141 0.215234 0.014844 0.014844
0 0.469141 0.192969 0.013281 0.014063
0 0.515234 0.265234 0.013281 0.013281
0 0.579297 0.402734 0.014844 0.013281
0 0.596094 0.425000 0.014063 0.012500
0 0.583203 0.436328 0.013281 0.013281
0 0.566797 0.430078 0.013281 0.013281
0 0.501172 0.428516 0.013281 0.013281
0 0.521875 0.428125 0.012500 0.012500
0 0.537500 0.434766 0.012500 0.013281
0 0.569531 0.446484 0.012500 0.013281
0 0.585547 0.452344 0.013281 0.012500
0 0.551562 0.437500 0.014063 0.010937
0 0.599219 0.439453 0.012500 0.013281
0 0.612500 0.427734 0.012500 0.011719
0 0.611719 0.410938 0.012500 0.014063
0 0.628906 0.414453 0.012500 0.011719
0 0.628516 0.431641 0.011719 0.013281
0 0.616016 0.444141 0.013281 0.013281
0 0.598828 0.453906 0.011719 0.012500
0 0.618359 0.460938 0.014844 0.012500
0 0.630078 0.445703 0.011719 0.013281
0 0.645312 0.435156 0.014063 0.014063
0 0.646484 0.419141 0.013281 0.014844
0 0.640625 0.402344 0.014063 0.014063
0 0.640234 0.384375 0.011719 0.012500
0 0.646484 0.368750 0.013281 0.014063
0 0.639844 0.351953 0.009375 0.011719
0 0.550000 0.371484 0.014063 0.011719
0 0.606641 0.394141 0.013281 0.011719
0 0.612109 0.378906 0.014844 0.014063
0 0.608594 0.362500 0.012500 0.014063
0 0.576172 0.357031 0.011719 0.012500
0 0.594141 0.354297 0.013281 0.013281
0 0.625781 0.398828 0.014063 0.011719
0 0.628516 0.379297 0.013281 0.014844
0 0.627734 0.362500 0.013281 0.012500
0 0.560547 0.357812 0.014844 0.012500
0 0.539062 0.358594 0.012500 0.012500
0 0.531641 0.342969 0.013281 0.014063
0 0.515625 0.340625 0.010937 0.010937
0 0.542188 0.328125 0.014063 0.014063
0 0.525000 0.327344 0.012500 0.012500
0 0.505859 0.326953 0.014844 0.013281
0 0.550000 0.386719 0.010937 0.010937
0 0.562500 0.396484 0.012500 0.011719
0 0.580078 0.418750 0.011719 0.012500
0 0.567969 0.372266 0.015625 0.013281
0 0.586719 0.370312 0.014063 0.012500
0 0.577344 0.387109 0.014063 0.013281
0 0.592969 0.385937 0.012500 0.014063
0 0.524609 0.355859 0.007031 0.011719
0 0.459375 0.367188 0.012500 0.012500
0 0.484766 0.382422 0.013281 0.011719
0 0.408984 0.354687 0.014844 0.014063
0 0.457031 0.396094 0.014063 0.012500
0 0.440625 0.394141 0.012500 0.013281
0 0.432812 0.379297 0.014063 0.013281
0 0.501172 0.383594 0.013281 0.014063
0 0.506641 0.400000 0.013281 0.012500
0 0.480859 0.398047 0.014844 0.013281
0 0.473047 0.413672 0.013281 0.013281
0 0.493750 0.411328 0.014063 0.013281
0 0.485156 0.425781 0.014063 0.014063
0 0.511719 0.415234 0.012500 0.013281
0 0.434766 0.350000 0.013281 0.015625
0 0.461719 0.337891 0.014063 0.013281
0 0.478906 0.339844 0.012500 0.012500
0 0.444531 0.335938 0.012500 0.012500
0 0.420312 0.341016 0.012500 0.013281
0 0.494922 0.368750 0.014844 0.010937
0 0.423438 0.364844 0.015625 0.012500
0 0.441797 0.366016 0.014844 0.013281
0 0.451562 0.351562 0.014063 0.012500
0 0.468750 0.353125 0.012500 0.012500
0 0.485547 0.355078 0.014844 0.013281
0 0.476172 0.368359 0.014844 0.013281
0 0.451172 0.380859 0.014844 0.013281
0 0.468359 0.383203 0.014844 0.013281
0 0.550000 0.426172 0.010937 0.007031
0 0.514844 0.389062 0.004687 0.007812
0 0.521484 0.407813 0.005469 0.007812
0 0.533594 0.421094 0.007812 0.004687
0 0.409766 0.327734 0.013281 0.013281
0 0.419922 0.313672 0.011719 0.013281
0 0.430078 0.328125 0.013281 0.012500
0 0.392578 0.297266 0.013281 0.013281
0 0.409766 0.298438 0.013281 0.012500
0 0.429688 0.298438 0.012500 0.014063
0 0.454297 0.321484 0.013281 0.013281
0 0.444922 0.306250 0.014844 0.012500
0 0.441406 0.285938 0.012500 0.012500
0 0.457031 0.291406 0.012500 0.012500
0 0.464844 0.307422 0.014063 0.011719
0 0.471094 0.323828 0.010937 0.011719
0 0.417969 0.236328 0.012500 0.013281
0 0.402344 0.282422 0.014063 0.014844
0 0.419922 0.284766 0.014844 0.014844
0 0.431641 0.270313 0.014844 0.014063
0 0.450781 0.271094 0.014063 0.015625
0 0.460547 0.256641 0.014844 0.013281
0 0.467578 0.276953 0.014844 0.014844
0 0.478125 0.262500 0.015625 0.014063
0 0.485156 0.278906 0.015625 0.014063
0 0.475391 0.292969 0.014844 0.014063
0 0.492969 0.294141 0.014063 0.013281
0 0.481641 0.308984 0.013281 0.014844
0 0.499219 0.310547 0.014063 0.013281
0 0.497266 0.264062 0.014844 0.014063
0 0.502734 0.280859 0.014844 0.014844
0 0.509766 0.296875 0.013281 0.012500
0 0.517969 0.311719 0.014063 0.012500
0 0.432422 0.187500 0.013281 0.014063
0 0.415625 0.189844 0.012500 0.012500
0 0.388281 0.200391 0.014063 0.013281
0 0.397266 0.264844 0.013281 0.012500
0 0.414453 0.267578 0.013281 0.014844
0 0.380078 0.262109 0.011719 0.013281
0 0.369922 0.251172 0.013281 0.013281
0 0.385156 0.278516 0.014063 0.014844
0 0.458984 0.206641 0.014844 0.014844
0 0.449219 0.190625 0.015625 0.014063
0 0.405078 0.202344 0.013281 0.014063
0 0.378906 0.215625 0.014063 0.014063
0 0.360156 0.215234 0.014063 0.013281
0 0.344922 0.223828 0.013281 0.013281
0 0.449219 0.222266 0.014063 0.014844
0 0.452734 0.240234 0.014844 0.014844
0 0.439063 0.206250 0.017188 0.017188
0 0.459766 0.175000 0.014844 0.012500
0 0.478125 0.174609 0.012500 0.013281
0 0.345703 0.242578 0.013281 0.014844
0 0.361719 0.234766 0.014063 0.014844
0 0.377734 0.235547 0.013281 0.014844
0 0.396094 0.220703 0.012500 0.014844
0 0.412891 0.221094 0.013281 0.014063
0 0.421875 0.204687 0.014063 0.014063
0 0.429688 0.221094 0.014063 0.014063
0 0.402344 0.236328 0.012500 0.013281
0 0.389453 0.247266 0.014844 0.014844
0 0.435547 0.237891 0.014844 0.016406
0 0.442188 0.254297 0.015625 0.013281
0 0.425391 0.253125 0.014844 0.014063
0 0.408203 0.252344 0.014844 0.012500
0 0.770312 0.805859 0.037500 0.022656