0 0.045789 0.397059 0.052807 0.036096
0 0.110628 0.389037 0.059492 0.034759
0 0.064505 0.636364 0.059492 0.034759
0 0.128676 0.643048 0.059492 0.034759
0 0.059826 0.588904 0.059492 0.034759
0 0.125334 0.590909 0.059492 0.034759
0 0.051136 0.540775 0.059492 0.034759
0 0.119318 0.540107 0.059492 0.034759
0 0.047794 0.494652 0.059492 0.034759
0 0.117313 0.490642 0.059492 0.034759
0 0.045120 0.447193 0.059492 0.034759
0 0.115307 0.437834 0.059492 0.034759
0 0.015040 0.728610 0.028743 0.033422
0 0.018382 0.774064 0.035428 0.033422
0 0.020722 0.818850 0.040107 0.038770
0 0.074532 0.829545 0.059492 0.034759
0 0.140040 0.848930 0.059492 0.034759
0 0.071190 0.783422 0.059492 0.034759
0 0.135361 0.798797 0.059492 0.034759
0 0.065842 0.737968 0.059492 0.034759
0 0.126671 0.745989 0.059492 0.034759
0 0.062500 0.687166 0.059492 0.034759
0 0.125334 0.696524 0.059492 0.034759
0 0.012032 0.589906 0.022727 0.035428
0 0.015040 0.635027 0.028743 0.033422
0 0.013703 0.681818 0.026070 0.037433
0 0.006350 0.496324 0.011364 0.036765
0 0.006684 0.544118 0.012032 0.033422
0 0.003008 0.452874 0.004679 0.038102
0 0.003342 0.405080 0.004011 0.041444