0 0.518717 0.636698 0.016043 0.016711
0 0.536765 0.706551 0.018717 0.017380
0 0.581551 0.652072 0.020053 0.018048
0 0.606952 0.645722 0.017380 0.017380
0 0.602607 0.695521 0.016711 0.015374
0 0.605949 0.676805 0.016711 0.016711
0 0.622326 0.686497 0.014706 0.010695
0 0.627674 0.670120 0.018717 0.018048
0 0.645388 0.679479 0.015374 0.018048
0 0.665441 0.699866 0.019385 0.017380
0 0.697861 0.831551 0.018717 0.020053
0 0.693850 0.802139 0.022727 0.020053
0 0.660094 0.776070 0.016711 0.018717
0 0.676136 0.765374 0.016711 0.017380
0 0.691511 0.748329 0.016711 0.020722
0 0.666444 0.736965 0.018717 0.016711
0 0.652072 0.758690 0.016711 0.009358
0 0.639037 0.780414 0.017380 0.019385
0 0.617647 0.788770 0.018717 0.018717
0 0.673797 0.718249 0.018717 0.015374
0 0.652406 0.720922 0.018717 0.018048
0 0.646390 0.742981 0.018717 0.019385
0 0.627340 0.753008 0.019385 0.015374
0 0.579545 0.763703 0.018717 0.019385
0 0.560495 0.694853 0.018048 0.018048
0 0.603275 0.718917 0.016711 0.019385
0 0.629011 0.716578 0.018717 0.021390
0 0.621658 0.736631 0.018717 0.017380
0 0.599599 0.746324 0.018717 0.020722
0 0.581885 0.731618 0.016711 0.020722
0 0.580214 0.708222 0.018717 0.019385
0 0.522393 0.670120 0.018048 0.019385
0 0.464238 0.760027 0.018048 0.017380
0 0.449866 0.785428 0.017380 0.018717
0 0.458890 0.813168 0.016711 0.018048
0 0.481952 0.809158 0.018717 0.015374
0 0.478275 0.790775 0.019385 0.018717
0 0.505013 0.693182 0.018048 0.018717
0 0.481952 0.701203 0.020053 0.018717
0 0.479278 0.725602 0.018717 0.019385
0 0.504011 0.716912 0.018717 0.020722
0 0.500668 0.735294 0.018717 0.013369
0 0.538770 0.730615 0.017380 0.018717
0 0.490642 0.753008 0.018717 0.018048
0 0.499332 0.779412 0.017380 0.018717
0 0.501003 0.824532 0.018048 0.018048
0 0.523730 0.819853 0.015374 0.016711
0 0.502674 0.800802 0.017380 0.016043
0 0.514037 0.752674 0.016043 0.017380
0 0.531417 0.774733 0.018717 0.017380
0 0.526070 0.801471 0.017380 0.018717
0 0.546791 0.823529 0.018717 0.018717
0 0.547794 0.842580 0.016711 0.014037
0 0.570187 0.837901 0.018717 0.016711
0 0.549465 0.793783 0.017380 0.016711
0 0.569853 0.811497 0.016711 0.020053
0 0.536765 0.752340 0.017380 0.016711
0 0.554144 0.775401 0.018717 0.020053
0 0.571858 0.787099 0.016711 0.018048
0 0.596257 0.834559 0.017380 0.016711
0 0.613302 0.812834 0.019385 0.020053
0 0.633021 0.836564 0.018717 0.018048
0 0.648730 0.819519 0.018048 0.018717
0 0.672126 0.821858 0.018048 0.018048
0 0.596925 0.780414 0.020053 0.016711
0 0.559492 0.742313 0.016043 0.019385
0 0.559492 0.644051 0.017380 0.016711
0 0.564171 0.668783 0.017380 0.018048
0 0.582888 0.688168 0.018717 0.019385
0 0.563503 0.868984 0.017380 0.014706
0 0.585227 0.863302 0.018048 0.016711
0 0.612299 0.849933 0.016043 0.016711
0 0.581885 0.888369 0.016711 0.014706
0 0.605281 0.883021 0.016711 0.016043
0 0.640040 0.864973 0.018048 0.017380
0 0.627674 0.883021 0.016043 0.016043
0 0.650067 0.881016 0.015374 0.013369
0 0.657086 0.841243 0.018717 0.018048
0 0.665107 0.869987 0.017380 0.015374
0 0.681818 0.848930 0.017380 0.017380
0 0.538102 0.655080 0.018717 0.017380
0 0.543449 0.676136 0.017380 0.016711
0 0.306818 0.693182 0.017380 0.017380
0 0.367313 0.716912 0.019385 0.018048
0 0.354612 0.736631 0.016711 0.016043
0 0.348930 0.754679 0.016043 0.016043
0 0.332553 0.795789 0.018048 0.016711
0 0.352941 0.805816 0.018717 0.016711
0 0.369318 0.801136 0.012701 0.014037
0 0.363302 0.779746 0.018048 0.019385
0 0.380348 0.794786 0.017380 0.014706
0 0.386364 0.778075 0.017380 0.017380
0 0.397393 0.811497 0.019385 0.013369
0 0.401070 0.794786 0.018717 0.018717
0 0.410094 0.636029 0.019385 0.016711
0 0.409759 0.658422 0.017380 0.020053
0 0.384358 0.699532 0.017380 0.018048
0 0.371992 0.743650 0.016711 0.016711
0 0.415107 0.610963 0.018717 0.018717
0 0.433489 0.626337 0.016711 0.017380
0 0.433489 0.646725 0.016711 0.019385
0 0.432487 0.672794 0.017380 0.019385
0 0.408088 0.688503 0.019385 0.020053
0 0.454211 0.638703 0.018048 0.020722
0 0.452540 0.665107 0.017380 0.017380
0 0.473930 0.649733 0.018717 0.020053
0 0.491310 0.633356 0.017380 0.018048
0 0.501003 0.659091 0.018048 0.018717
0 0.484291 0.672794 0.018048 0.019385
0 0.461230 0.689505 0.017380 0.019385
0 0.440174 0.701203 0.018048 0.018717
0 0.419118 0.709559 0.018717 0.018048
0 0.390040 0.722928 0.016711 0.019385
0 0.397059 0.752005 0.020053 0.017380
0 0.411765 0.771725 0.017380 0.019385
0 0.410762 0.732620 0.019385 0.017380
0 0.457553 0.714906 0.018048 0.018048
0 0.436497 0.726270 0.016043 0.018048
0 0.419786 0.752005 0.020053 0.018717
0 0.427473 0.786430 0.018048 0.015374
0 0.436497 0.809158 0.020053 0.018048
0 0.434158 0.769719 0.018048 0.019385
0 0.473262 0.737968 0.017380 0.013369
0 0.447527 0.750000 0.016711 0.018717
0 0.193182 0.733623 0.010695 0.012701
0 0.235963 0.807152 0.017380 0.019385
0 0.215575 0.800802 0.016711 0.016043
0 0.199532 0.787433 0.016711 0.016043
0 0.235628 0.784759 0.019385 0.014706
0 0.196190 0.765709 0.016711 0.016711
0 0.243984 0.769385 0.020053 0.014706
0 0.219920 0.768048 0.017380 0.018717
0 0.220588 0.742981 0.017380 0.008690
0 0.251337 0.715909 0.013369 0.009358
0 0.241310 0.671457 0.016043 0.011364
0 0.244987 0.657754 0.018048 0.016043
0 0.211230 0.692179 0.020053 0.019385
0 0.190174 0.702874 0.015374 0.016711
0 0.204211 0.724599 0.016711 0.014706
0 0.224933 0.727941 0.016711 0.018717
0 0.240976 0.751337 0.019385 0.018717
0 0.246324 0.701537 0.016711 0.016711
0 0.271725 0.722594 0.016711 0.016043
0 0.270722 0.746992 0.016043 0.015374
0 0.270722 0.769719 0.013369 0.014037
0 0.259024 0.811497 0.018048 0.016043
0 0.330548 0.699866 0.016711 0.018717
0 0.281083 0.759358 0.012701 0.016043
0 0.287433 0.733289 0.017380 0.017380
0 0.334559 0.650735 0.007353 0.012701
0 0.346257 0.646056 0.018717 0.016711
0 0.346257 0.622326 0.018717 0.020053
0 0.366310 0.635361 0.017380 0.018048
0 0.367647 0.610628 0.018717 0.016711
0 0.388035 0.645388 0.018048 0.018048
0 0.389706 0.622995 0.016043 0.017380
0 0.294786 0.751003 0.016043 0.015374
0 0.293783 0.769051 0.008690 0.015374
0 0.300802 0.787433 0.014706 0.014706
0 0.306484 0.768048 0.016711 0.014706
0 0.322527 0.722928 0.019385 0.016711
0 0.310495 0.737634 0.019385 0.015374
0 0.316845 0.783422 0.016043 0.012032
0 0.324198 0.767045 0.016043 0.016711
0 0.338570 0.773396 0.010027 0.014706
0 0.350602 0.780749 0.006016 0.014706
0 0.333556 0.739305 0.016043 0.016043
0 0.381350 0.673128 0.016711 0.017380
0 0.352607 0.678142 0.019385 0.018048
0 0.350267 0.700535 0.017380 0.017380
0 0.345922 0.718583 0.019385 0.014706
0 0.280414 0.693182 0.016711 0.022727
0 0.236297 0.690174 0.010027 0.018048
0 0.270388 0.666444 0.018048 0.018717
0 0.275735 0.634358 0.015374 0.017380
0 0.288436 0.654078 0.016711 0.016711
0 0.297126 0.632019 0.018048 0.016711
0 0.323195 0.622995 0.016711 0.017380
0 0.367647 0.657754 0.017380 0.016043
0 0.312834 0.656417 0.017380 0.017380
0 0.328209 0.672126 0.017380 0.015374
0 0.226270 0.830882 0.018048 0.014706
0 0.250000 0.833556 0.016043 0.014706
0 0.271390 0.831885 0.017380 0.015374
0 0.176471 0.703877 0.009358 0.009358
0 0.183155 0.715575 0.006684 0.006016
0 0.178476 0.675802 0.006684 0.008021
0 0.183489 0.685495 0.007353 0.008690
0 0.175134 0.689840 0.006684 0.008021
0 0.150067 0.666778 0.007353 0.008690
0 0.132353 0.664439 0.008021 0.008021
0 0.142380 0.658757 0.008021 0.008690
0 0.117313 0.664104 0.007353 0.008690
0 0.109960 0.657086 0.007353 0.008021
0 0.101939 0.662433 0.007353 0.006684
0 0.107955 0.671123 0.007353 0.006684
0 0.083556 0.660428 0.008021 0.008021
0 0.095588 0.666778 0.005348 0.006016
0 0.066845 0.659759 0.006684 0.008021
0 0.073529 0.644719 0.006684 0.007353
0 0.088235 0.636698 0.008021 0.008690
0 0.084559 0.648730 0.008690 0.008690
0 0.101604 0.635361 0.008021 0.008690
0 0.092914 0.655749 0.005348 0.006684
0 0.099933 0.650735 0.007353 0.007353
0 0.111297 0.643048 0.007353 0.008021
0 0.120321 0.640374 0.008021 0.008021
0 0.120321 0.652072 0.008021 0.007353
0 0.132019 0.653075 0.008690 0.008021
0 0.102273 0.623663 0.008021 0.006684
0 0.108289 0.617647 0.008021 0.008021
0 0.111631 0.626337 0.005348 0.005348
0 0.120321 0.625334 0.008021 0.008690
0 0.133690 0.640374 0.009358 0.009358
0 0.144051 0.646725 0.007353 0.008690
0 0.158422 0.647727 0.008021 0.009358
0 0.166110 0.657086 0.007353 0.008021
0 0.164104 0.617981 0.008690 0.008690
0 0.224265 0.615642 0.008690 0.010695
0 0.233623 0.623329 0.008690 0.011364
0 0.240642 0.633690 0.006684 0.009358
0 0.230615 0.636029 0.009358 0.008690
0 0.231283 0.645388 0.005348 0.007353
0 0.219251 0.635027 0.009358 0.005348
0 0.221257 0.626671 0.009358 0.010027
0 0.210896 0.620655 0.010027 0.008690
0 0.196524 0.619652 0.010695 0.009358
0 0.126337 0.614973 0.010695 0.008021
0 0.148396 0.625668 0.009358 0.005348
0 0.133356 0.625334 0.010027 0.008690
0 0.154746 0.635027 0.007353 0.008021
0 0.183155 0.620655 0.010695 0.007353
0 0.179479 0.627005 0.008690 0.006684
0 0.171457 0.632687 0.008690 0.010027
0 0.170455 0.644385 0.008021 0.009358
0 0.182152 0.637032 0.008690 0.009358
0 0.191176 0.633690 0.009358 0.009358
0 0.205548 0.630348 0.010027 0.009358
0 0.203543 0.639372 0.010027 0.007353
0 0.188837 0.648730 0.010027 0.008690
0 0.176805 0.655414 0.007353 0.010027
0 0.187834 0.664104 0.009358 0.010027
0 0.222259 0.644719 0.010027 0.008690
0 0.200201 0.656751 0.008690 0.007353
0 0.206217 0.652072 0.008690 0.008690
0 0.200535 0.669118 0.009358 0.009358
0 0.219920 0.656417 0.008021 0.008021
0 0.210561 0.666444 0.006684 0.009358
0 0.127674 0.577874 0.009358 0.008690
0 0.180481 0.576537 0.009358 0.008690
0 0.191176 0.584225 0.010695 0.009358
0 0.205214 0.583556 0.010695 0.009358
0 0.097594 0.591578 0.008021 0.008021
0 0.089238 0.602273 0.008690 0.009358
0 0.103275 0.601270 0.008690 0.008690
0 0.112634 0.599265 0.008690 0.007353
0 0.122660 0.603275 0.007353 0.008690
0 0.132687 0.602941 0.008690 0.009358
0 0.146390 0.596257 0.009358 0.008021
0 0.144051 0.606618 0.010027 0.007353
0 0.193182 0.598930 0.009358 0.008021
0 0.205548 0.598262 0.010027 0.009358
0 0.180816 0.599265 0.011364 0.008690
0 0.177139 0.609626 0.009358 0.009358
0 0.160762 0.605949 0.010027 0.008690
0 0.138703 0.615307 0.008690 0.008690
0 0.149398 0.616979 0.008690 0.008021
0 0.218917 0.596925 0.010027 0.010695
0 0.212233 0.608623 0.010027 0.010027
0 0.253342 0.605281 0.009358 0.010027
0 0.240642 0.607955 0.009358 0.010027
0 0.201537 0.608289 0.008690 0.009358
0 0.246658 0.619987 0.008021 0.008690
0 0.186832 0.610294 0.008690 0.010695
0 0.159091 0.558489 0.009358 0.010027
0 0.148730 0.562500 0.008690 0.010027
0 0.169118 0.555816 0.009358 0.010027
0 0.152406 0.583890 0.009358 0.011364
0 0.191511 0.554144 0.010027 0.009358
0 0.203209 0.563168 0.009358 0.008690
0 0.204880 0.552473 0.008690 0.010027
0 0.210561 0.573195 0.010695 0.008690
0 0.212901 0.563837 0.008690 0.010027
0 0.225602 0.557487 0.008690 0.010695
0 0.230949 0.568182 0.007353 0.009358
0 0.239973 0.565842 0.009358 0.010027
0 0.246658 0.576537 0.009358 0.008690
0 0.265709 0.568850 0.007353 0.009358
0 0.278075 0.572193 0.008021 0.009358
0 0.258021 0.576537 0.009358 0.008690
0 0.270053 0.580882 0.009358 0.009358
0 0.225602 0.578543 0.008690 0.010027
0 0.235963 0.582888 0.008021 0.009358
0 0.247326 0.587567 0.009358 0.009358
0 0.257687 0.589238 0.008690 0.010027
0 0.176805 0.565508 0.008690 0.009358
0 0.186832 0.564840 0.008690 0.009358
0 0.139706 0.585896 0.010695 0.007353
0 0.141043 0.575535 0.009358 0.009358
0 0.089906 0.576203 0.007353 0.008021
0 0.102607 0.567179 0.008690 0.008690
0 0.098930 0.576203 0.008021 0.006684
0 0.109960 0.587567 0.007353 0.008021
0 0.118650 0.580882 0.007353 0.009358
0 0.117981 0.589906 0.006016 0.006016
0 0.126337 0.593583 0.008021 0.008021
0 0.127340 0.585896 0.007353 0.003342
0 0.136364 0.593249 0.008021 0.004679
0 0.090909 0.566511 0.009358 0.008690
0 0.094586 0.556484 0.008690 0.008690
0 0.107620 0.556818 0.009358 0.009358
0 0.116310 0.569184 0.006684 0.007353
0 0.113302 0.575535 0.003342 0.002674
0 0.128008 0.543115 0.006016 0.003342
0 0.118316 0.557152 0.004011 0.004679
0 0.123329 0.564505 0.008690 0.008690
0 0.127005 0.552807 0.010695 0.009358
0 0.134358 0.564505 0.010695 0.008690
0 0.141711 0.552139 0.009358 0.009358
0 0.156751 0.571190 0.010027 0.008690
0 0.285762 0.580882 0.008690 0.005348
0 0.324866 0.637701 0.013369 0.005348