0 0.228275 0.483289 0.018048 0.017380
0 0.110628 0.468583 0.020722 0.016043
0 0.173128 0.508356 0.018717 0.010027
0 0.124332 0.391711 0.024064 0.016043
0 0.111631 0.441845 0.018717 0.020053
0 0.136698 0.497660 0.022059 0.018048
0 0.155414 0.472594 0.012701 0.018717
0 0.174465 0.493650 0.022727 0.018048
0 0.201872 0.515374 0.018717 0.014706
0 0.204545 0.495655 0.021390 0.018048
0 0.222259 0.507353 0.022059 0.017380
0 0.252005 0.498663 0.021390 0.020053
0 0.275067 0.506350 0.019385 0.019385
0 0.293449 0.483623 0.017380 0.018048
0 0.087233 0.451537 0.020722 0.018048
0 0.064505 0.444184 0.020722 0.022059
0 0.063168 0.442848 0.020722 0.022059
0 0.092246 0.266377 0.018717 0.016711
0 0.057821 0.259693 0.020722 0.018048
0 0.188168 0.280414 0.019385 0.016711
0 0.164773 0.292781 0.018048 0.016043
0 0.142714 0.277741 0.019385 0.016711
0 0.128676 0.301136 0.022059 0.019385
0 0.104278 0.302807 0.021390 0.017380
0 0.076537 0.314505 0.020722 0.018048
0 0.116979 0.263035 0.020053 0.018048
0 0.032754 0.253342 0.022727 0.018717
0 0.089238 0.325869 0.018048 0.015374
0 0.047126 0.354947 0.016711 0.017380
0 0.066845 0.362299 0.022727 0.017380
0 0.101604 0.372660 0.021390 0.018048
0 0.154412 0.328209 0.022727 0.018717
0 0.131684 0.337901 0.020053 0.018048
0 0.112968 0.324198 0.020053 0.020053
0 0.060495 0.334225 0.020722 0.018717
0 0.035094 0.327540 0.023396 0.021390
0 0.025401 0.305481 0.018717 0.016043
0 0.155414 0.343249 0.018048 0.014037
0 0.225267 0.330882 0.010695 0.016043
0 0.208890 0.336564 0.019385 0.018048
0 0.181818 0.343917 0.020053 0.016711
0 0.104612 0.339906 0.018048 0.010027
0 0.010027 0.314840 0.018717 0.010695
0 0.005013 0.298797 0.008690 0.017380
0 0.024064 0.379345 0.018717 0.015374
0 0.050802 0.384024 0.014706 0.016711
0 0.039104 0.406083 0.020722 0.015374
0 0.023396 0.416110 0.017380 0.014037
0 0.003008 0.388035 0.004679 0.008690
0 0.004679 0.376671 0.008021 0.014037
0 0.006350 0.349599 0.011364 0.017380
0 0.028409 0.391377 0.022059 0.007353
0 0.014037 0.424465 0.013369 0.012032
0 0.005013 0.412099 0.008690 0.014037
0 0.050468 0.422460 0.007353 0.013369
0 0.036765 0.419786 0.013369 0.010695
0 0.028075 0.429813 0.013369 0.008021
0 0.004345 0.443850 0.007353 0.014706
0 0.032086 0.455214 0.018717 0.016043
0 0.190842 0.359960 0.019385 0.016711
0 0.300802 0.329211 0.006684 0.014037
0 0.318182 0.375668 0.020053 0.016043
0 0.249332 0.327874 0.018717 0.018048
0 0.290107 0.341912 0.016043 0.016711
0 0.340575 0.662099 0.015374 0.010027
0 0.849265 0.511698 0.012701 0.012701
0 0.887366 0.514706 0.014037 0.013369
0 0.945521 0.557487 0.015374 0.016043
0 0.963570 0.552473 0.014037 0.015374
0 0.915441 0.538436 0.007353 0.010027
0 0.795455 0.547460 0.017380 0.010695
0 0.859960 0.562500 0.015374 0.011364
0 0.816176 0.583222 0.013369 0.012701
0 0.859626 0.621992 0.016043 0.011364
0 0.853610 0.582553 0.009358 0.012701
0 0.777406 0.563837 0.018717 0.012701
0 0.754345 0.578543 0.018048 0.014037
0 0.712901 0.499666 0.014037 0.012701
0 0.727941 0.505348 0.012032 0.012032
0 0.716912 0.550468 0.016711 0.012701
0 0.696858 0.557487 0.018048 0.012032
0 0.720254 0.605615 0.019385 0.013369
0 0.670120 0.576537 0.019385 0.014037
0 0.692848 0.602607 0.020722 0.015374
0 0.643717 0.576203 0.018717 0.014706
0 0.650735 0.595254 0.018048 0.012701
0 0.669786 0.591912 0.013369 0.010027
0 0.531417 0.552139 0.017380 0.012032
0 0.550134 0.547794 0.013369 0.014037
0 0.567179 0.544786 0.014037 0.013369
0 0.588235 0.566176 0.017380 0.016043
0 0.613971 0.565174 0.016711 0.014037
0 0.568516 0.594586 0.016711 0.014037
0 0.554144 0.597928 0.008021 0.011364
0 0.582888 0.590909 0.010695 0.014706
0 0.608289 0.607286 0.020053 0.014037
0 0.590575 0.625000 0.018048 0.013369
0 0.665107 0.682152 0.017380 0.014037
0 0.395722 0.530749 0.022727 0.014706
0 0.416444 0.532754 0.014706 0.013369
0 0.440508 0.534759 0.017380 0.013369
0 0.464906 0.529412 0.016711 0.012032
0 0.489973 0.559826 0.016043 0.014037
0 0.510361 0.549131 0.019385 0.015374
0 0.406751 0.546457 0.019385 0.012701
0 0.470588 0.577540 0.020053 0.013369
0 0.431484 0.595588 0.018048 0.012032
0 0.462233 0.609626 0.018048 0.013369
0 0.507687 0.573864 0.018048 0.014037
0 0.512366 0.612634 0.018048 0.015374
0 0.922794 0.017380 0.022059 0.021390
0 0.962901 0.039439 0.023396 0.021390
0 0.937500 0.042447 0.022059 0.023396
0 0.914773 0.049131 0.026070 0.023396
0 0.953877 0.018382 0.025401 0.023396
0 0.978610 0.014037 0.022727 0.026738
0 0.860294 0.064840 0.026738 0.028075
0 0.885361 0.046791 0.024733 0.022727
0 0.899733 0.136029 0.024064 0.023396
0 0.872326 0.138035 0.025401 0.026070
0 0.845254 0.139706 0.024733 0.028075
0 0.934826 0.101270 0.023396 0.027406
0 0.909759 0.105615 0.024064 0.022727
0 0.883356 0.110294 0.024733 0.024064
0 0.856283 0.109960 0.022727 0.024733
0 0.818182 0.141377 0.026738 0.023396
0 0.830214 0.115642 0.024064 0.024064
0 0.981952 0.043449 0.022727 0.022727
0 0.941845 0.073864 0.022727 0.027406
0 0.916444 0.077874 0.022727 0.027406
0 0.890374 0.081551 0.022727 0.026738
0 0.846591 0.090241 0.026070 0.025401
0 0.985628 0.108623 0.024733 0.024733
0 0.959559 0.096591 0.023396 0.024733
0 0.971591 0.153409 0.022059 0.020722
0 0.949198 0.160762 0.020053 0.022059
0 0.932487 0.150401 0.021390 0.018717
0 0.915441 0.172460 0.023396 0.022727
0 0.884358 0.160428 0.024064 0.024064
0 0.868316 0.182487 0.024064 0.024064
0 0.843583 0.188168 0.022727 0.024733
0 0.807487 0.200201 0.022727 0.023396
0 0.859626 0.164773 0.022727 0.023396
0 0.987634 0.075201 0.018048 0.023396
0 0.967580 0.071190 0.023396 0.026070
0 0.833556 0.165107 0.024064 0.022727
0 0.811163 0.180481 0.023396 0.021390
0 0.994318 0.215909 0.011364 0.018717
0 0.975602 0.216912 0.020722 0.018048
0 0.952540 0.221257 0.018717 0.018717
0 0.929144 0.227273 0.022727 0.021390
0 0.905080 0.229947 0.021390 0.021390
0 0.888369 0.221257 0.021390 0.021390
0 0.864639 0.228275 0.023396 0.019385
0 0.991979 0.154078 0.016043 0.019385
0 0.989973 0.133021 0.020053 0.022727
0 0.965909 0.134693 0.022727 0.022059
0 0.989973 0.195856 0.020053 0.022727
0 0.967580 0.198864 0.020722 0.022059
0 0.944519 0.203209 0.022727 0.021390
0 0.920120 0.207219 0.019385 0.020053
0 0.901738 0.197193 0.021390 0.020053
0 0.880013 0.203877 0.022059 0.021390
0 0.853944 0.206551 0.020722 0.022727
0 0.840909 0.232620 0.022727 0.021390
0 0.813503 0.240976 0.025401 0.023396
0 0.945856 0.124666 0.021390 0.022059
0 0.829880 0.212567 0.022059 0.021390
0 0.934158 0.182487 0.020722 0.016043
0 0.958556 0.180147 0.020053 0.015374
0 0.979947 0.174465 0.022727 0.017380
0 0.997995 0.174131 0.004011 0.016711
0 0.991644 0.196524 0.016711 0.017380
0 0.824198 0.297794 0.022727 0.019385
0 0.863636 0.302473 0.022727 0.020722
0 0.888703 0.295120 0.024733 0.019385
0 0.911765 0.291444 0.021390 0.020053
0 0.935495 0.287099 0.023396 0.019385
0 0.958890 0.283088 0.024733 0.019385
0 0.982955 0.280080 0.020722 0.020053
0 0.991979 0.301136 0.016043 0.019385
0 0.970922 0.304144 0.023396 0.021390
0 0.945187 0.308489 0.020053 0.022059
0 0.923128 0.312166 0.020053 0.021390
0 0.900067 0.316511 0.022059 0.022059
0 0.875000 0.319853 0.025401 0.023396
0 0.851604 0.324532 0.025401 0.023396
0 0.813503 0.280414 0.025401 0.023396
0 0.828209 0.257019 0.022727 0.019385
0 0.849599 0.250000 0.018717 0.017380
0 0.872660 0.245321 0.022059 0.014706
0 0.891043 0.253008 0.021390 0.019385
0 0.915775 0.249332 0.022727 0.017380
0 0.940842 0.246658 0.023396 0.020053
0 0.963570 0.242647 0.023396 0.021390
0 0.985963 0.235294 0.021390 0.016043
0 0.859960 0.267045 0.020722 0.018048
0 0.877005 0.276070 0.020053 0.018717
0 0.901738 0.272059 0.022727 0.018717
0 0.925468 0.268717 0.020722 0.020053
0 0.948864 0.263703 0.022059 0.019385
0 0.971591 0.259024 0.020722 0.019385
0 0.991979 0.255682 0.016043 0.022059
0 0.837901 0.273730 0.015374 0.015374
0 0.846925 0.292781 0.022727 0.017380
0 0.826203 0.313503 0.021390 0.008021
0 0.673128 0.386029 0.017380 0.015374
0 0.698195 0.403075 0.015374 0.013369
0 0.730949 0.384358 0.015374 0.013369
0 0.751003 0.396725 0.015374 0.014037
0 0.512701 0.377674 0.016043 0.013369