0 0.084766 0.468359 0.013281 0.010156
0 0.121094 0.464062 0.014063 0.004687
0 0.119531 0.476953 0.014063 0.010156
0 0.142578 0.476562 0.014844 0.012500
0 0.163672 0.476172 0.016406 0.011719
0 0.181641 0.461328 0.013281 0.011719
0 0.195312 0.462109 0.010937 0.011719
0 0.211328 0.464062 0.017969 0.012500
0 0.185938 0.476562 0.017188 0.012500
0 0.204297 0.476562 0.013281 0.012500
0 0.222266 0.477734 0.016406 0.010156
0 0.236719 0.455469 0.018750 0.010937
0 0.242188 0.471094 0.018750 0.012500
0 0.262891 0.458594 0.017969 0.010937
0 0.266406 0.475000 0.018750 0.014063
0 0.282422 0.462109 0.017969 0.010156
0 0.290234 0.475391 0.019531 0.011719
0 0.304297 0.451562 0.019531 0.015625
0 0.310937 0.475391 0.014063 0.011719
0 0.327344 0.457422 0.020313 0.013281
0 0.329297 0.474219 0.017969 0.012500
0 0.353906 0.458594 0.021875 0.014063
0 0.353125 0.477344 0.020313 0.015625
0 0.376563 0.460547 0.021875 0.016406
0 0.386719 0.477734 0.021875 0.017969
0 0.401562 0.450391 0.021875 0.019531
0 0.409766 0.467578 0.019531 0.019531
0 0.423438 0.439844 0.018750 0.018750
0 0.436719 0.469531 0.026562 0.015625
0 0.445312 0.453125 0.028125 0.012500
0 0.500391 0.470313 0.027344 0.014063
0 0.477734 0.452734 0.025781 0.016406
0 0.506641 0.453906 0.030469 0.015625
0 0.499609 0.437109 0.027344 0.016406
0 0.469531 0.436328 0.029687 0.016406
0 0.511719 0.419922 0.031250 0.017969
0 0.352734 0.648047 0.044531 0.058594
0 0.425781 0.639453 0.048438 0.057031
0 0.530078 0.617578 0.047656 0.055469
0 0.578125 0.625391 0.042188 0.046094
0 0.593750 0.677734 0.057813 0.066406
0 0.696875 0.648828 0.057813 0.063281
0 0.425781 0.482031 0.025000 0.014063
0 0.449219 0.499219 0.020313 0.015625
0 0.474609 0.505469 0.027344 0.017188
0 0.469141 0.471094 0.027344 0.014063
0 0.529297 0.473047 0.027344 0.014844
0 0.512500 0.500781 0.020313 0.014063
0 0.531250 0.510938 0.026562 0.014063
0 0.558203 0.475391 0.024219 0.013281
0 0.586719 0.480078 0.028125 0.014844
0 0.529687 0.447266 0.015625 0.030469
0 0.888281 0.470703 0.018750 0.041406
0 0.716797 0.334766 0.038281 0.022656
0 0.714063 0.363672 0.032813 0.022656
0 0.839063 0.412500 0.046875 0.020313
0 0.791016 0.453906 0.039844 0.015625
0 0.811328 0.432812 0.039844 0.017188
0 0.853516 0.435156 0.042969 0.017188
0 0.672266 0.469141 0.038281 0.019531
0 0.642969 0.462500 0.029687 0.020313
0 0.751563 0.376563 0.035937 0.029687
0 0.792969 0.394922 0.035937 0.027344
0 0.612500 0.337891 0.032813 0.022656
0 0.635938 0.348047 0.032813 0.027344
0 0.642969 0.368750 0.035937 0.021875
0 0.653906 0.385547 0.037500 0.022656
0 0.686719 0.368359 0.021875 0.021094
0 0.707031 0.383984 0.035937 0.017969
0 0.705469 0.382422 0.035937 0.017969
0 0.544531 0.419531 0.026562 0.017188
0 0.553125 0.438281 0.026562 0.010937
0 0.556250 0.457031 0.029687 0.010937
0 0.559766 0.382812 0.024219 0.020313
0 0.583203 0.358984 0.030469 0.019531
0 0.603516 0.383984 0.013281 0.033594
0 0.620313 0.376953 0.018750 0.030469
0 0.582031 0.396484 0.031250 0.016406
0 0.588281 0.411328 0.034375 0.016406
0 0.580859 0.451953 0.021094 0.030469
0 0.623047 0.406641 0.025781 0.024219
0 0.667578 0.412891 0.017969 0.028906
0 0.682813 0.405469 0.018750 0.029687
0 0.686719 0.435937 0.032813 0.018750
0 0.715625 0.401172 0.034375 0.016406
0 0.747266 0.398828 0.022656 0.022656
0 0.598437 0.427734 0.031250 0.013281
0 0.612500 0.443750 0.031250 0.014063
0 0.611328 0.467578 0.025781 0.011719
0 0.637109 0.422656 0.028906 0.020313
0 0.646094 0.441016 0.031250 0.011719
0 0.722656 0.422266 0.031250 0.017969
0 0.768750 0.425781 0.037500 0.025000
0 0.729688 0.443359 0.035937 0.021094
0 0.745313 0.461328 0.040625 0.024219