0 0.327206 0.574532 0.059492 0.054144
0 0.439840 0.337567 0.058824 0.056150
0 0.473262 0.393048 0.058824 0.056150
0 0.409759 0.396390 0.058824 0.056150
0 0.345588 0.404746 0.057487 0.056818
0 0.566176 0.330882 0.058824 0.056150
0 0.506016 0.334893 0.058824 0.056150
0 0.595588 0.273396 0.058824 0.056150
0 0.531417 0.274064 0.058824 0.056150
0 0.293449 0.527406 0.058824 0.056150
0 0.627005 0.434492 0.058824 0.056150
0 0.568182 0.439171 0.058824 0.056150
0 0.506684 0.443850 0.058824 0.056150
0 0.593583 0.383021 0.058824 0.056150
0 0.629679 0.324866 0.058824 0.056150
0 0.532754 0.387032 0.053476 0.053476
0 0.444519 0.449198 0.058824 0.056150
0 0.383690 0.455882 0.058824 0.056150
0 0.317513 0.463904 0.058824 0.056150
0 0.570187 0.546123 0.058824 0.056150
0 0.509358 0.550802 0.058824 0.056150
0 0.448529 0.555481 0.058824 0.056150
0 0.389706 0.565508 0.058824 0.056150
0 0.266043 0.584225 0.058824 0.056150
0 0.597594 0.489973 0.058824 0.056150
0 0.536096 0.492647 0.058824 0.056150
0 0.473262 0.497326 0.058824 0.056150
0 0.417781 0.508690 0.058824 0.056150
0 0.354947 0.516711 0.058824 0.056150
0 0.377005 0.341578 0.058824 0.056150