0 0.296123 0.420455 0.008021 0.008021
0 0.274064 0.430481 0.008021 0.006684
0 0.272059 0.438168 0.008021 0.006016
0 0.283422 0.429813 0.006684 0.006684
0 0.282754 0.437834 0.008021 0.006684
0 0.279078 0.446190 0.007353 0.007353
0 0.276404 0.454211 0.007353 0.007353
0 0.292447 0.430147 0.007353 0.007353
0 0.291110 0.438503 0.007353 0.006684
0 0.288436 0.446190 0.008690 0.007353
0 0.285762 0.454880 0.007353 0.008690
0 0.300802 0.429813 0.006684 0.008021
0 0.299799 0.438837 0.007353 0.007353
0 0.296457 0.446858 0.007353 0.007353
0 0.294786 0.454880 0.008021 0.007353
0 0.316845 0.408757 0.006684 0.003342
0 0.319519 0.415107 0.008021 0.006684
0 0.316176 0.420455 0.005348 0.005348
0 0.309158 0.430481 0.007353 0.008021
0 0.332553 0.420789 0.008690 0.007353
0 0.326203 0.426471 0.006684 0.008021
0 0.308155 0.439171 0.006684 0.006684
0 0.305147 0.447193 0.007353 0.008021
0 0.303142 0.455882 0.006016 0.008021
0 0.316845 0.438503 0.006684 0.008021
0 0.325535 0.439171 0.008021 0.008021
0 0.314505 0.447193 0.007353 0.006684
0 0.311497 0.455882 0.006684 0.006684
0 0.323195 0.447527 0.007353 0.007353
0 0.331885 0.429144 0.004679 0.005348
0 0.318516 0.429479 0.006016 0.006016
0 0.319853 0.456551 0.007353 0.008021
0 0.329211 0.456885 0.007353 0.007353
0 0.332553 0.447861 0.007353 0.006684
0 0.338904 0.429479 0.006684 0.007353
0 0.335896 0.438837 0.007353 0.007353
0 0.355615 0.422794 0.005348 0.004679
0 0.345588 0.438503 0.006684 0.006684
0 0.342914 0.447527 0.008021 0.007353
0 0.339572 0.456885 0.008021 0.007353
0 0.351939 0.447527 0.007353 0.007353
0 0.348596 0.456551 0.007353 0.008021
0 0.354612 0.438837 0.007353 0.007353
0 0.358957 0.430481 0.008021 0.006684
0 0.371992 0.421457 0.007353 0.007353
0 0.369318 0.430147 0.007353 0.006016
0 0.365642 0.439171 0.009358 0.008021
0 0.361965 0.447861 0.008690 0.008021
0 0.358289 0.456551 0.008021 0.008021
0 0.371658 0.448195 0.008021 0.008690
0 0.367981 0.457219 0.008690 0.008021
0 0.375000 0.439171 0.008021 0.008021
0 0.379011 0.430816 0.008021 0.007353
0 0.386029 0.439505 0.008690 0.007353
0 0.382353 0.448529 0.009358 0.008021
0 0.379011 0.456885 0.009358 0.007353
0 0.390040 0.431484 0.008690 0.006016
0 0.390709 0.422460 0.008690 0.008021
0 0.403075 0.420789 0.008021 0.006016
0 0.401070 0.429813 0.008021 0.006684
0 0.396725 0.439171 0.008690 0.008021
0 0.393382 0.448195 0.008690 0.007353
0 0.389706 0.456885 0.009358 0.007353
0 0.795455 0.431484 0.009358 0.008690
0 0.812834 0.429813 0.010695 0.009358
0 0.872660 0.444184 0.010027 0.010027
0 0.880682 0.455214 0.008690 0.009358
0 0.864973 0.454545 0.010695 0.009358
0 0.841243 0.452540 0.010027 0.009358
0 0.852607 0.454545 0.006016 0.006684
0 0.833556 0.456885 0.005348 0.004679
0 0.829880 0.444184 0.010027 0.008690
0 0.814171 0.450201 0.010695 0.008690
0 0.823529 0.455882 0.006684 0.006684
0 0.807152 0.456217 0.007353 0.006016
0 0.802807 0.444519 0.012032 0.009358
0 0.794118 0.439505 0.004011 0.003342
0 0.771725 0.423463 0.010027 0.008690
0 0.779412 0.434158 0.009358 0.008690
0 0.787767 0.446524 0.010027 0.009358
0 0.794118 0.456551 0.010695 0.008021
0 0.758690 0.427807 0.009358 0.008021
0 0.767714 0.433824 0.008690 0.008021
0 0.773396 0.447527 0.009358 0.008690
0 0.780080 0.456551 0.010695 0.008021
0 0.752674 0.437500 0.009358 0.008690
0 0.760361 0.447193 0.010027 0.008021
0 0.766377 0.457219 0.010027 0.009358
0 0.738302 0.440508 0.008690 0.008021
0 0.745321 0.447527 0.009358 0.008690
0 0.753342 0.457888 0.009358 0.009358
0 0.716243 0.410762 0.010027 0.008690
0 0.702874 0.415107 0.010027 0.008021
0 0.714906 0.426136 0.010027 0.008690
0 0.725602 0.438168 0.010027 0.008690
0 0.732955 0.448195 0.008690 0.008690
0 0.740307 0.457888 0.010027 0.009358
0 0.727273 0.459225 0.010695 0.009358
0 0.719251 0.448195 0.010695 0.008690
0 0.712233 0.435495 0.010027 0.008690
0 0.691511 0.429479 0.010027 0.007353
0 0.699532 0.436832 0.008690 0.008690
0 0.705548 0.449532 0.010027 0.008690
0 0.713570 0.458890 0.011364 0.010027
0 0.675134 0.433824 0.009358 0.009358
0 0.685829 0.438503 0.009358 0.008021
0 0.691511 0.450201 0.010027 0.008690
0 0.699866 0.460227 0.009358 0.008690
0 0.679813 0.447193 0.009358 0.009358
0 0.686163 0.459559 0.008690 0.008690
0 0.664104 0.427807 0.008690 0.008021
0 0.669786 0.439840 0.005348 0.006684
0 0.661765 0.437834 0.008021 0.008021
0 0.666778 0.448864 0.008690 0.008690
0 0.674465 0.458890 0.009358 0.008690
0 0.650067 0.433489 0.010027 0.008690
0 0.655749 0.446190 0.008021 0.007353
0 0.661765 0.459893 0.009358 0.009358
0 0.637701 0.433155 0.009358 0.008021
0 0.644719 0.442513 0.008690 0.008021
0 0.643382 0.449866 0.008690 0.004011
0 0.651070 0.457553 0.009358 0.008690
0 0.635695 0.417781 0.009358 0.008021
0 0.650735 0.412433 0.008690 0.008021
0 0.620655 0.419786 0.008690 0.008021
0 0.629679 0.427139 0.008021 0.006684
0 0.614305 0.429479 0.009358 0.007353
0 0.625668 0.436497 0.009358 0.006684
0 0.636364 0.440174 0.005348 0.003342
0 0.633021 0.445187 0.008021 0.005348
0 0.638369 0.458556 0.009358 0.008021
0 0.628342 0.454880 0.009358 0.008690
0 0.609291 0.440174 0.010027 0.008690
0 0.620321 0.446524 0.009358 0.008021
0 0.616310 0.455548 0.009358 0.008690
0 0.607620 0.447861 0.008021 0.004011
0 0.604278 0.455548 0.009358 0.008690
0 0.413102 0.420120 0.008021 0.007353
0 0.411096 0.429479 0.008021 0.007353
0 0.407086 0.438168 0.008021 0.007353
0 0.404078 0.447861 0.008690 0.006684
0 0.400401 0.456551 0.008021 0.006684
0 0.421457 0.420789 0.006016 0.006016
0 0.420455 0.429144 0.006684 0.006684
0 0.416778 0.438837 0.007353 0.007353
0 0.414104 0.447861 0.007353 0.006684
0 0.410762 0.456217 0.007353 0.006016
0 0.429813 0.424131 0.008021 0.007353
0 0.429144 0.432152 0.006684 0.004679
0 0.428476 0.438837 0.008021 0.004679
0 0.424799 0.446858 0.007353 0.007353
0 0.420789 0.456551 0.007353 0.006684
0 0.444519 0.420120 0.008021 0.007353
0 0.441511 0.427807 0.004679 0.004011
0 0.439171 0.438503 0.008021 0.008021
0 0.434826 0.446858 0.007353 0.007353
0 0.431150 0.456551 0.008021 0.006684
0 0.454545 0.414104 0.008021 0.007353
0 0.454880 0.421123 0.007353 0.004011
0 0.448529 0.431484 0.008021 0.007353
0 0.448529 0.439505 0.008021 0.006016
0 0.444519 0.447527 0.008021 0.007353
0 0.441176 0.456217 0.006684 0.007353
0 0.467914 0.411430 0.008021 0.007353
0 0.464572 0.420120 0.008021 0.007353
0 0.460561 0.429813 0.008021 0.008021
0 0.457888 0.439171 0.006684 0.008021
0 0.454211 0.447861 0.007353 0.006684
0 0.451872 0.456551 0.008021 0.006684
0 0.474933 0.419452 0.007353 0.006016
0 0.469920 0.432152 0.008021 0.008690
0 0.467246 0.440842 0.009358 0.007353
0 0.463904 0.448864 0.006684 0.006016
0 0.461564 0.456551 0.007353 0.006684
0 0.483289 0.422794 0.008021 0.007353
0 0.483623 0.430816 0.008690 0.004679
0 0.479278 0.438503 0.009358 0.008021
0 0.473596 0.449532 0.008690 0.008690
0 0.472594 0.457888 0.006684 0.004011
0 0.497660 0.418115 0.008690 0.007353
0 0.492647 0.429479 0.005348 0.007353
0 0.500000 0.432487 0.008021 0.008021
0 0.490307 0.438503 0.007353 0.008021
0 0.484960 0.448864 0.008690 0.007353
0 0.482955 0.457553 0.008690 0.006016
0 0.494987 0.449198 0.007353 0.008021
0 0.499332 0.440842 0.008021 0.004679
0 0.492981 0.457553 0.007353 0.006016
0 0.509358 0.419452 0.008021 0.008690
0 0.515040 0.428142 0.007353 0.008690
0 0.510361 0.440174 0.008690 0.008690
0 0.506016 0.450201 0.009358 0.008690
0 0.503676 0.458222 0.008690 0.006016
0 0.490642 0.409759 0.008021 0.008021
0 0.502340 0.409425 0.008690 0.008690
0 0.514037 0.458222 0.009358 0.007353
0 0.517714 0.448195 0.008690 0.007353
0 0.524733 0.457553 0.008021 0.008690
0 0.520388 0.416444 0.008690 0.008021
0 0.525735 0.426136 0.008690 0.008690
0 0.520388 0.439171 0.008690 0.008021
0 0.526738 0.406417 0.008021 0.008021
0 0.537767 0.406417 0.008690 0.008021
0 0.533422 0.435495 0.008021 0.006016
0 0.532420 0.416778 0.008690 0.008690
0 0.543449 0.417781 0.008021 0.008021
0 0.537767 0.428142 0.010027 0.008690
0 0.554813 0.418783 0.008021 0.008690
0 0.550802 0.427139 0.008021 0.008021
0 0.531751 0.445856 0.010027 0.009358
0 0.541444 0.448195 0.005348 0.006016
0 0.534091 0.459225 0.009358 0.009358
0 0.543115 0.439840 0.008690 0.008021
0 0.564171 0.420455 0.009358 0.009358
0 0.574198 0.408757 0.009358 0.008690
0 0.586230 0.412099 0.009358 0.008690
0 0.581551 0.419452 0.006684 0.007353
0 0.545120 0.458890 0.008690 0.008690
0 0.556818 0.437166 0.006684 0.006684
0 0.561163 0.429144 0.008690 0.008021
0 0.549799 0.449866 0.008690 0.008021
0 0.565842 0.440508 0.008690 0.008021
0 0.561163 0.449532 0.010027 0.008690
0 0.556484 0.459559 0.010027 0.008690
0 0.573529 0.428142 0.009358 0.007353
0 0.589906 0.426136 0.008690 0.008690
0 0.595588 0.437166 0.009358 0.008021
0 0.579211 0.438168 0.010027 0.008690
0 0.585896 0.432821 0.006016 0.004679
0 0.574866 0.448864 0.010695 0.007353
0 0.568182 0.458556 0.009358 0.009358
0 0.579880 0.458222 0.008690 0.008690
0 0.587567 0.447193 0.010695 0.008021
0 0.592580 0.457219 0.010027 0.008021